<?xml version="1.0" encoding="utf-8"?>
<COLLADA xmlns="http://www.collada.org/2005/11/COLLADASchema" version="1.4.1">
  <asset>
    <contributor>
      <author>Mixamo</author>
      <authoring_tool>COLLADA Mixamo exporter</authoring_tool>
      <comments/>
    </contributor>
    <created>2023-01-19T19:00:08Z</created>
    <modified>2023-01-19T19:00:08Z</modified>
    <revision/>
    <title/>
    <unit meter="0.010000"/>
    <up_axis>Y_UP</up_axis>
  </asset>
  <library_animations>
    <animation id="mixamorig_Hips-anim" name="mixamorig_Hips">
      <source id="mixamorig_Hips-Matrix-animation-input">
        <float_array id="mixamorig_Hips-Matrix-animation-input-array" count="372">

0.000000 0.033333 0.066667 0.100000 0.133333 0.166667 0.200000 0.233333 0.266667 0.300000 0.333333 0.366667 0.400000 0.433333 0.466667 0.500000
0.533333 0.566667 0.600000 0.633333 0.666667 0.700000 0.733333 0.766667 0.800000 0.833333 0.866667 0.900000 0.933333 0.966667 1.000000 1.033333
1.066667 1.100000 1.133333 1.166667 1.200000 1.233333 1.266667 1.300000 1.333333 1.366667 1.400000 1.433333 1.466667 1.500000 1.533333 1.566667
1.600000 1.633333 1.666667 1.700000 1.733333 1.766667 1.800000 1.833333 1.866667 1.900000 1.933333 1.966667 2.000000 2.033333 2.066667 2.100000
2.133333 2.166667 2.200000 2.233333 2.266667 2.300000 2.333333 2.366667 2.400000 2.433333 2.466667 2.500000 2.533333 2.566667 2.600000 2.633333
2.666667 2.700000 2.733333 2.766667 2.800000 2.833333 2.866667 2.900000 2.933333 2.966667 3.000000 3.033333 3.066667 3.100000 3.133333 3.166667
3.200000 3.233333 3.266667 3.300000 3.333333 3.366667 3.400000 3.433333 3.466667 3.500000 3.533333 3.566667 3.600000 3.633333 3.666667 3.700000
3.733333 3.766667 3.800000 3.833333 3.866667 3.900000 3.933333 3.966667 4.000000 4.033333 4.066667 4.100000 4.133333 4.166667 4.200000 4.233333
4.266667 4.300000 4.333333 4.366667 4.400000 4.433333 4.466667 4.500000 4.533333 4.566667 4.600000 4.633333 4.666667 4.700000 4.733333 4.766667
4.800000 4.833333 4.866667 4.900000 4.933333 4.966667 5.000000 5.033333 5.066667 5.100000 5.133333 5.166667 5.200000 5.233333 5.266667 5.300000
5.333333 5.366667 5.400000 5.433333 5.466667 5.500000 5.533333 5.566667 5.600000 5.633333 5.666667 5.700000 5.733333 5.766667 5.800000 5.833333
5.866667 5.900000 5.933333 5.966667 6.000000 6.033333 6.066667 6.100000 6.133333 6.166667 6.200000 6.233333 6.266667 6.300000 6.333333 6.366667
6.400000 6.433333 6.466667 6.500000 6.533333 6.566667 6.600000 6.633333 6.666667 6.700000 6.733333 6.766667 6.800000 6.833333 6.866667 6.900000
6.933333 6.966667 7.000000 7.033333 7.066667 7.100000 7.133333 7.166667 7.200000 7.233333 7.266667 7.300000 7.333333 7.366667 7.400000 7.433333
7.466667 7.500000 7.533333 7.566667 7.600000 7.633333 7.666667 7.700000 7.733333 7.766667 7.800000 7.833333 7.866667 7.900000 7.933333 7.966667
8.000000 8.033333 8.066667 8.100000 8.133333 8.166667 8.200000 8.233333 8.266667 8.300000 8.333333 8.366667 8.400000 8.433333 8.466667 8.500000
8.533333 8.566667 8.600000 8.633333 8.666667 8.700000 8.733333 8.766667 8.800000 8.833333 8.866667 8.900000 8.933333 8.966667 9.000000 9.033333
9.066667 9.100000 9.133333 9.166667 9.200000 9.233333 9.266667 9.300000 9.333333 9.366667 9.400000 9.433333 9.466667 9.500000 9.533333 9.566667
9.600000 9.633333 9.666667 9.700000 9.733333 9.766667 9.800000 9.833333 9.866667 9.900000 9.933333 9.966667 10.000000 10.033333 10.066667 10.100000
10.133333 10.166667 10.200000 10.233333 10.266667 10.300000 10.333333 10.366667 10.400000 10.433333 10.466667 10.500000 10.533333 10.566667 10.600000 10.633333
10.666667 10.700000 10.733333 10.766667 10.800000 10.833333 10.866667 10.900000 10.933333 10.966667 11.000000 11.033333 11.066667 11.100000 11.133333 11.166667
11.200000 11.233333 11.266667 11.300000 11.333333 11.366667 11.400000 11.433333 11.466667 11.500000 11.533333 11.566667 11.600000 11.633333 11.666667 11.700000
11.733333 11.766667 11.800000 11.833333 11.866667 11.900000 11.933333 11.966667 12.000000 12.033333 12.066667 12.100000 12.133333 12.166667 12.200000 12.233333
12.266667 12.300000 12.333333 12.366667</float_array>
        <technique_common>
          <accessor source="#mixamorig_Hips-Matrix-animation-input-array" count="372">
            <param name="TIME" type="float"/>
          </accessor>
        </technique_common>
      </source>
      <source id="mixamorig_Hips-Matrix-animation-output-transform">
        <float_array id="mixamorig_Hips-Matrix-animation-output-transform-array" count="5952">

0.995841 -0.042504 -0.080583 -0.253962 0.037980 0.997659 -0.056875 93.710014 0.082811 0.053578 0.995124 7.830938 0.000000 0.000000 0.000000 1.000000
0.996160 -0.043304 -0.076095 -0.198522 0.038970 0.997582 -0.057542 94.876488 0.078403 0.054356 0.995439 7.689003 0.000000 0.000000 0.000000 1.000000
0.996417 -0.048046 -0.069606 -0.100735 0.043769 0.997133 -0.061720 95.329353 0.072372 0.058452 0.995663 7.365552 0.000000 0.000000 0.000000 1.000000
0.996371 -0.057386 -0.062858 0.005234 0.052859 0.996042 -0.071456 95.113243 0.066710 0.067874 0.995461 6.860027 0.000000 0.000000 0.000000 1.000000
0.995911 -0.070521 -0.056460 0.016156 0.065569 0.994203 -0.085209 94.445900 0.062142 0.081159 0.994762 6.316820 0.000000 0.000000 0.000000 1.000000
0.995207 -0.083987 -0.050095 -0.200685 0.078783 0.992054 -0.098095 93.500710 0.057936 0.093678 0.993915 5.841856 0.000000 0.000000 0.000000 1.000000
0.994434 -0.093520 -0.048520 -0.681689 0.088103 0.990688 -0.103804 92.386688 0.057776 0.098952 0.993414 5.308455 0.000000 0.000000 0.000000 1.000000
0.993368 -0.094913 -0.064894 -1.292913 0.088474 0.991463 -0.095773 91.165604 0.073430 0.089397 0.993286 4.478502 0.000000 0.000000 0.000000 1.000000
0.990332 -0.084959 -0.109656 -1.894266 0.077821 0.994658 -0.067819 89.805740 0.114832 0.058630 0.991653 3.462843 0.000000 0.000000 0.000000 1.000000
0.983090 -0.055048 -0.174651 -2.452994 0.052583 0.998441 -0.018716 88.397980 0.175409 0.009216 0.984453 2.657645 0.000000 0.000000 0.000000 1.000000
0.972982 -0.010016 -0.230665 -2.930222 0.019954 0.998968 0.040793 86.841164 0.230018 -0.044294 0.972178 2.216572 0.000000 0.000000 0.000000 1.000000
0.966551 0.032342 -0.254426 -3.445702 -0.009397 0.995817 0.090886 85.242973 0.256301 -0.085455 0.962812 2.271101 0.000000 0.000000 0.000000 1.000000
0.966059 0.061902 -0.250794 -4.143517 -0.032585 0.992310 0.119411 84.545845 0.256257 -0.107186 0.960647 2.804107 0.000000 0.000000 0.000000 1.000000
0.965192 0.087602 -0.246433 -5.165548 -0.055830 0.989530 0.133092 85.859680 0.255512 -0.114701 0.959978 3.839060 0.000000 0.000000 0.000000 1.000000
0.956104 0.125969 -0.264569 -6.555116 -0.089271 0.985180 0.146464 89.423683 0.279098 -0.116416 0.953180 5.583582 0.000000 0.000000 0.000000 1.000000
0.938691 0.168971 -0.300511 -8.171311 -0.127672 0.980059 0.152264 94.550323 0.320247 -0.104562 0.941546 7.759982 0.000000 0.000000 0.000000 1.000000
0.926782 0.183608 -0.327664 -9.861745 -0.150665 0.980844 0.123472 99.817924 0.344058 -0.065064 0.936691 9.350348 0.000000 0.000000 0.000000 1.000000
0.933772 0.154500 -0.322799 -11.490885 -0.142333 0.987930 0.061116 104.370461 0.328346 -0.011124 0.944492 9.655956 0.000000 0.000000 0.000000 1.000000
0.950947 0.100851 -0.292455 -12.958615 -0.105283 0.994442 0.000589 107.556175 0.290889 0.030230 0.956279 8.812614 0.000000 0.000000 0.000000 1.000000
0.960300 0.050157 -0.274425 -14.263110 -0.061516 0.997562 -0.032939 108.756699 0.272104 0.048513 0.961044 7.502787 0.000000 0.000000 0.000000 1.000000
0.954293 0.021869 -0.298070 -15.665842 -0.036600 0.998364 -0.043929 108.856483 0.296622 0.052831 0.953533 6.463769 0.000000 0.000000 0.000000 1.000000
0.933151 0.027972 -0.358394 -17.392895 -0.049112 0.997540 -0.050015 108.068161 0.356113 0.064273 0.932230 5.863204 0.000000 0.000000 0.000000 1.000000
0.903577 0.047447 -0.425790 -19.541433 -0.083685 0.994251 -0.066797 106.304588 0.420173 0.095989 0.902353 5.772497 0.000000 0.000000 0.000000 1.000000
0.882280 0.042910 -0.468765 -22.048378 -0.099938 0.990210 -0.097455 103.443047 0.459994 0.132830 0.877930 6.365486 0.000000 0.000000 0.000000 1.000000
0.880605 0.011125 -0.473720 -24.749262 -0.081220 0.988473 -0.127767 99.478302 0.466838 0.150988 0.871358 7.711727 0.000000 0.000000 0.000000 1.000000
0.889452 -0.026487 -0.456261 -27.350227 -0.041326 0.989568 -0.138009 94.871483 0.455157 0.141608 0.879079 9.429987 0.000000 0.000000 0.000000 1.000000
0.888697 -0.039170 -0.456819 -29.478987 -0.016974 0.992850 -0.118155 89.989578 0.458181 0.112758 0.881678 10.856146 0.000000 0.000000 0.000000 1.000000
0.868825 -0.011841 -0.494978 -31.119879 -0.029064 0.996770 -0.074861 86.021286 0.494265 0.079427 0.865675 11.685635 0.000000 0.000000 0.000000 1.000000
0.844269 0.031663 -0.534983 -32.658825 -0.056824 0.997915 -0.030614 84.151825 0.532898 0.056247 0.844308 12.440936 0.000000 0.000000 0.000000 1.000000
0.847349 0.044014 -0.529209 -34.340458 -0.057665 0.998293 -0.009304 84.224594 0.527896 0.038401 0.848440 14.004141 0.000000 0.000000 0.000000 1.000000
0.881391 0.013349 -0.472199 -36.267666 -0.023476 0.999603 -0.015560 85.338127 0.471804 0.024800 0.881354 16.751411 0.000000 0.000000 0.000000 1.000000
0.913644 -0.025693 -0.405703 -38.439102 0.012722 0.999319 -0.034636 85.645035 0.406316 0.026484 0.913349 19.950998 0.000000 0.000000 0.000000 1.000000
0.923410 -0.035927 -0.382129 -40.775085 0.020375 0.998794 -0.044668 84.643654 0.383273 0.033461 0.923029 22.618368 0.000000 0.000000 0.000000 1.000000
0.915500 -0.013023 -0.402107 -43.119453 0.002814 0.999659 -0.025968 83.182983 0.402308 0.022642 0.915224 24.501392 0.000000 0.000000 0.000000 1.000000
0.909194 0.035017 -0.414898 -45.395313 -0.023973 0.999207 0.031797 82.087830 0.415682 -0.018964 0.909312 26.038807 0.000000 0.000000 0.000000 1.000000
0.917776 0.104028 -0.383229 -47.403275 -0.064853 0.991385 0.113800 81.278419 0.391766 -0.079589 0.916616 27.862785 0.000000 0.000000 0.000000 1.000000
0.925613 0.192392 -0.325922 -49.516445 -0.135421 0.972502 0.189476 81.586639 0.353413 -0.131245 0.926215 30.437435 0.000000 0.000000 0.000000 1.000000
0.912789 0.281494 -0.295936 -51.869049 -0.214312 0.946905 0.239669 84.538773 0.347689 -0.155345 0.924652 33.622749 0.000000 0.000000 0.000000 1.000000
0.884172 0.336336 -0.324220 -54.277412 -0.260124 0.930927 0.256339 90.003189 0.388041 -0.142311 0.910589 37.100857 0.000000 0.000000 0.000000 1.000000
0.858820 0.330439 -0.391456 -56.792454 -0.256223 0.938777 0.230319 96.667984 0.443596 -0.097502 0.890907 40.410137 0.000000 0.000000 0.000000 1.000000
0.854921 0.266747 -0.444922 -59.426434 -0.213280 0.962565 0.167275 102.917160 0.472887 -0.048114 0.879809 43.064617 0.000000 0.000000 0.000000 1.000000
0.872805 0.179055 -0.454037 -62.101627 -0.150661 0.983685 0.098309 108.505989 0.464233 -0.017399 0.885542 44.711273 0.000000 0.000000 0.000000 1.000000
0.892424 0.104551 -0.438918 -64.654869 -0.090859 0.994497 0.052154 112.790741 0.441955 -0.006664 0.897012 45.272007 0.000000 0.000000 0.000000 1.000000
0.896035 0.063558 -0.439410 -66.860390 -0.054689 0.997964 0.032829 114.782433 0.440602 -0.005385 0.897687 45.094715 0.000000 0.000000 0.000000 1.000000
0.880405 0.056301 -0.470868 -68.925529 -0.050446 0.998412 0.025057 115.508286 0.471531 0.001693 0.881848 44.721996 0.000000 0.000000 0.000000 1.000000
0.853429 0.070690 -0.516393 -71.197998 -0.076102 0.997042 0.010715 115.206146 0.515624 0.030154 0.856284 44.447449 0.000000 0.000000 0.000000 1.000000
0.830226 0.077090 -0.552071 -73.887497 -0.101352 0.994759 -0.013511 113.609390 0.548135 0.067171 0.833688 44.661652 0.000000 0.000000 0.000000 1.000000
0.821277 0.063463 -0.566990 -76.915871 -0.102437 0.994047 -0.037116 110.588661 0.561259 0.088563 0.822888 45.646740 0.000000 0.000000 0.000000 1.000000
0.824650 0.030807 -0.564804 -80.325684 -0.073610 0.995870 -0.053156 106.514694 0.560834 0.085410 0.823511 47.327793 0.000000 0.000000 0.000000 1.000000
0.831703 -0.013521 -0.555056 -83.991638 -0.024888 0.997791 -0.061599 101.694641 0.554662 0.065046 0.829529 49.275429 0.000000 0.000000 0.000000 1.000000
0.834238 -0.049849 -0.549146 -87.353554 0.020309 0.998007 -0.059743 96.311203 0.551030 0.038687 0.833588 50.845207 0.000000 0.000000 0.000000 1.000000
0.826850 -0.051468 -0.560063 -90.165718 0.034670 0.998575 -0.040582 90.704445 0.561353 0.014138 0.827455 51.909000 0.000000 0.000000 0.000000 1.000000
0.810670 -0.008731 -0.585438 -92.520638 0.007107 0.999962 -0.005072 85.975578 0.585460 -0.000049 0.810702 52.709049 0.000000 0.000000 0.000000 1.000000
0.798039 0.054429 -0.600143 -94.755638 -0.046564 0.998505 0.028639 83.351456 0.600804 0.005090 0.799380 53.660583 0.000000 0.000000 0.000000 1.000000
0.808786 0.086238 -0.581746 -97.017166 -0.079159 0.996152 0.037617 83.127541 0.582752 0.015626 0.812500 55.162106 0.000000 0.000000 0.000000 1.000000
0.845250 0.056697 -0.531355 -99.253448 -0.056308 0.998270 0.016948 84.513901 0.531396 0.015594 0.846980 57.512623 0.000000 0.000000 0.000000 1.000000
0.879871 -0.012113 -0.475058 -101.541573 0.003721 0.999820 -0.018601 85.469177 0.475198 0.014599 0.879758 60.784683 0.000000 0.000000 0.000000 1.000000
0.890058 -0.064144 -0.451312 -104.122498 0.049593 0.997799 -0.044011 85.367722 0.453142 0.016791 0.891280 64.370941 0.000000 0.000000 0.000000 1.000000
0.879141 -0.063939 -0.472254 -106.859634 0.052012 0.997912 -0.038285 84.615936 0.473716 0.009096 0.880631 67.445610 0.000000 0.000000 0.000000 1.000000
0.862504 -0.022971 -0.505528 -109.445137 0.029184 0.999564 0.004372 83.139114 0.505208 -0.018524 0.862799 69.498360 0.000000 0.000000 0.000000 1.000000
0.858379 0.030623 -0.512101 -111.837463 0.003765 0.997814 0.065979 81.026306 0.513002 -0.058563 0.856388 70.921989 0.000000 0.000000 0.000000 1.000000
0.872581 0.066855 -0.483872 -114.085739 -0.011268 0.993081 0.116891 79.042900 0.488339 -0.096545 0.867297 72.282486 0.000000 0.000000 0.000000 1.000000
0.894381 0.095434 -0.437006 -116.457573 -0.035056 0.988925 0.144216 77.566002 0.445929 -0.113664 0.887822 73.918190 0.000000 0.000000 0.000000 1.000000
0.906447 0.161020 -0.390418 -119.178017 -0.105061 0.981375 0.160825 78.453972 0.409043 -0.104761 0.906482 75.542877 0.000000 0.000000 0.000000 1.000000
0.890123 0.267363 -0.369051 -121.677971 -0.209940 0.959343 0.188645 82.381958 0.404483 -0.090439 0.910063 76.944672 0.000000 0.000000 0.000000 1.000000
0.846637 0.355012 -0.396449 -123.962669 -0.282868 0.931221 0.229811 89.062111 0.450767 -0.082424 0.888828 78.613670 0.000000 0.000000 0.000000 1.000000
0.803410 0.370066 -0.466458 -126.253090 -0.278047 0.925914 0.255680 96.891457 0.526519 -0.075718 0.846785 80.672249 0.000000 0.000000 0.000000 1.000000
0.786835 0.307683 -0.534997 -128.499924 -0.208928 0.948477 0.238202 103.840759 0.580723 -0.075650 0.810579 82.271454 0.000000 0.000000 0.000000 1.000000
0.799878 0.212543 -0.561266 -130.606308 -0.125281 0.973721 0.190191 109.300583 0.586940 -0.081814 0.805486 82.645638 0.000000 0.000000 0.000000 1.000000
0.824120 0.142127 -0.548294 -132.534149 -0.070160 0.986167 0.150177 112.851349 0.562053 -0.085296 0.822691 81.717896 0.000000 0.000000 0.000000 1.000000
0.838913 0.120154 -0.530837 -134.297119 -0.053472 0.988804 0.139309 114.343506 0.541632 -0.088483 0.835946 79.968185 0.000000 0.000000 0.000000 1.000000
0.833969 0.133693 -0.535371 -136.045151 -0.063807 0.987062 0.147095 114.913284 0.548110 -0.088512 0.831710 77.960777 0.000000 0.000000 0.000000 1.000000
0.809631 0.163012 -0.563848 -137.901840 -0.093749 0.984241 0.149935 114.883339 0.579403 -0.068532 0.812155 76.178802 0.000000 0.000000 0.000000 1.000000
0.776214 0.178254 -0.604745 -139.960770 -0.122181 0.983545 0.133084 113.787117 0.618517 -0.029414 0.785221 75.096535 0.000000 0.000000 0.000000 1.000000
0.752363 0.157347 -0.639681 -142.293564 -0.124291 0.987520 0.096722 111.459122 0.646917 0.006736 0.762531 74.898361 0.000000 0.000000 0.000000 1.000000
0.754189 0.101825 -0.648714 -144.967712 -0.088884 0.994642 0.052788 107.988289 0.650614 0.017848 0.759199 75.193748 0.000000 0.000000 0.000000 1.000000
0.780824 0.034043 -0.623823 -147.789322 -0.028988 0.999413 0.018256 103.317947 0.624078 0.003829 0.781352 75.434418 0.000000 0.000000 0.000000 1.000000
0.812066 -0.011518 -0.583452 -150.407608 0.020020 0.999767 0.008129 97.747337 0.583222 -0.018282 0.812107 75.347786 0.000000 0.000000 0.000000 1.000000
0.828078 -0.011549 -0.560493 -152.732941 0.030431 0.999240 0.024370 92.050690 0.559786 -0.037237 0.827800 74.899452 0.000000 0.000000 0.000000 1.000000
0.822040 0.031247 -0.568571 -154.711700 0.000588 0.998446 0.055722 87.388916 0.569429 -0.046141 0.820745 74.150398 0.000000 0.000000 0.000000 1.000000
0.801488 0.092221 -0.590858 -156.264481 -0.051282 0.994997 0.085736 84.788101 0.595808 -0.038416 0.802207 73.374710 0.000000 0.000000 0.000000 1.000000
0.790555 0.135831 -0.597138 -157.404037 -0.095523 0.990507 0.098848 84.333138 0.604896 -0.021105 0.796025 73.076439 0.000000 0.000000 0.000000 1.000000
0.810182 0.142966 -0.568476 -158.205338 -0.113180 0.989705 0.087599 85.266998 0.575148 -0.006631 0.818023 73.382767 0.000000 0.000000 0.000000 1.000000
0.852610 0.121984 -0.508110 -158.759644 -0.109044 0.992498 0.055295 86.809662 0.511043 0.008261 0.859516 74.155624 0.000000 0.000000 0.000000 1.000000
0.892592 0.096909 -0.440327 -159.207092 -0.100510 0.994820 0.015198 88.334045 0.439519 0.030691 0.897709 75.239136 0.000000 0.000000 0.000000 1.000000
0.914485 0.081712 -0.396282 -159.664017 -0.096455 0.995186 -0.017382 89.705200 0.392954 0.054119 0.917964 76.304283 0.000000 0.000000 0.000000 1.000000
0.918084 0.068649 -0.390397 -160.139526 -0.089875 0.995290 -0.036342 90.872620 0.386064 0.068452 0.919929 77.409660 0.000000 0.000000 0.000000 1.000000
0.909107 0.048904 -0.413682 -160.548935 -0.073704 0.996301 -0.044193 91.691681 0.409990 0.070666 0.909348 78.654190 0.000000 0.000000 0.000000 1.000000
0.892799 0.029203 -0.449508 -160.851425 -0.054163 0.997616 -0.042764 91.967537 0.447188 0.062527 0.892252 79.870506 0.000000 0.000000 0.000000 1.000000
0.871946 0.023098 -0.489057 -160.944458 -0.043155 0.998625 -0.029777 92.062561 0.487697 0.047069 0.871743 80.852684 0.000000 0.000000 0.000000 1.000000
0.848116 0.033773 -0.528733 -160.798126 -0.043353 0.999043 -0.005725 92.234413 0.528034 0.027778 0.848769 81.560699 0.000000 0.000000 0.000000 1.000000
0.827499 0.050794 -0.559164 -160.303787 -0.045611 0.998689 0.023221 92.660706 0.559611 0.006288 0.828732 81.929688 0.000000 0.000000 0.000000 1.000000
0.823252 0.060090 -0.564486 -159.350479 -0.038569 0.998005 0.049989 93.446243 0.566364 -0.019382 0.823927 81.785851 0.000000 0.000000 0.000000 1.000000
0.842676 0.054465 -0.535660 -158.117996 -0.019487 0.997304 0.070748 94.305069 0.538069 -0.049179 0.841465 81.021858 0.000000 0.000000 0.000000 1.000000
0.876238 0.031397 -0.480855 -157.119888 0.012661 0.996031 0.088106 94.245056 0.481712 -0.083290 0.872362 79.655128 0.000000 0.000000 0.000000 1.000000
0.905012 -0.007986 -0.425311 -156.524887 0.059354 0.992414 0.107664 93.035599 0.421225 -0.122681 0.898620 77.936874 0.000000 0.000000 0.000000 1.000000
0.915988 -0.050973 -0.397953 -156.229935 0.111933 0.984979 0.131479 90.677681 0.385274 -0.164977 0.907935 76.856628 0.000000 0.000000 0.000000 1.000000
0.908390 -0.080550 -0.410292 -155.984314 0.158166 0.974551 0.158852 88.337753 0.387055 -0.209193 0.898013 76.607460 0.000000 0.000000 0.000000 1.000000
0.892133 -0.088087 -0.443102 -155.662018 0.187562 0.964502 0.185893 87.235909 0.410998 -0.248950 0.876986 76.965355 0.000000 0.000000 0.000000 1.000000
0.882970 -0.087331 -0.461235 -155.161865 0.199396 0.959274 0.200085 87.657394 0.424977 -0.268638 0.864424 78.054581 0.000000 0.000000 0.000000 1.000000
0.893834 -0.102724 -0.436474 -154.244278 0.199836 0.962650 0.182674 90.078697 0.401407 -0.250503 0.880977 80.065086 0.000000 0.000000 0.000000 1.000000
0.923507 -0.132236 -0.360068 -152.866592 0.187031 0.974786 0.121705 94.223587 0.334896 -0.179739 0.924953 82.604042 0.000000 0.000000 0.000000 1.000000
0.956052 -0.136713 -0.259372 -151.080994 0.149769 0.988230 0.031165 99.165115 0.252058 -0.068641 0.965275 84.928154 0.000000 0.000000 0.000000 1.000000
0.976219 -0.098943 -0.192890 -149.025787 0.091603 0.994703 -0.046626 103.805519 0.196481 0.027847 0.980112 86.454483 0.000000 0.000000 0.000000 1.000000
0.980979 -0.042936 -0.189308 -146.921341 0.028813 0.996635 -0.076733 107.460472 0.191966 0.069819 0.978915 87.240616 0.000000 0.000000 0.000000 1.000000
0.975508 0.004856 -0.219910 -144.947800 -0.018657 0.997980 -0.060723 109.598152 0.219171 0.063339 0.973628 87.755898 0.000000 0.000000 0.000000 1.000000
0.970656 0.026067 -0.239056 -142.995270 -0.034675 0.998890 -0.031871 110.320847 0.237960 0.039225 0.970482 88.192047 0.000000 0.000000 0.000000 1.000000
0.974812 0.014767 -0.222541 -140.894470 -0.020480 0.999517 -0.023383 109.903687 0.222088 0.027351 0.974643 88.715561 0.000000 0.000000 0.000000 1.000000
0.984771 -0.001463 -0.173848 -138.509888 -0.005954 0.999094 -0.042132 108.734154 0.173752 0.042525 0.983871 89.850716 0.000000 0.000000 0.000000 1.000000
0.992355 0.009197 -0.123072 -135.695557 -0.018560 0.996999 -0.075155 106.323875 0.122011 0.076865 0.989548 91.682175 0.000000 0.000000 0.000000 1.000000
0.993341 0.048556 -0.104478 -132.471008 -0.059469 0.992796 -0.104014 102.793526 0.098675 0.109535 0.989073 93.752815 0.000000 0.000000 0.000000 1.000000
0.987889 0.093121 -0.124111 -129.096725 -0.106177 0.988988 -0.103097 98.631554 0.113143 0.115026 0.986898 95.505493 0.000000 0.000000 0.000000 1.000000
0.981208 0.116612 -0.153727 -126.003990 -0.126333 0.990460 -0.055030 94.238182 0.145844 0.073417 0.986580 96.830421 0.000000 0.000000 0.000000 1.000000
0.979938 0.111419 -0.165250 -123.475754 -0.110478 0.993767 0.014910 90.256340 0.165881 0.003646 0.986139 97.865265 0.000000 0.000000 0.000000 1.000000
0.983671 0.081372 -0.160528 -121.450195 -0.073143 0.995718 0.056535 87.590469 0.164441 -0.043871 0.985411 98.612961 0.000000 0.000000 0.000000 1.000000
0.986977 0.041312 -0.155464 -119.566727 -0.033830 0.998152 0.050471 86.502502 0.157262 -0.044554 0.986551 99.376289 0.000000 0.000000 0.000000 1.000000
0.986826 0.012113 -0.161328 -117.484863 -0.008679 0.999721 0.021974 86.557800 0.161549 -0.020284 0.986656 100.668663 0.000000 0.000000 0.000000 1.000000
0.984388 0.005693 -0.175920 -115.219955 -0.005501 0.999984 0.001580 87.097931 0.175926 -0.000587 0.984403 102.774368 0.000000 0.000000 0.000000 1.000000
0.983918 0.011557 -0.178248 -112.821068 -0.013184 0.999882 -0.007946 87.331467 0.178135 0.010168 0.983954 105.682076 0.000000 0.000000 0.000000 1.000000
0.988269 0.013158 -0.152155 -110.288277 -0.015764 0.999749 -0.015936 86.345352 0.151907 0.018147 0.988228 108.592735 0.000000 0.000000 0.000000 1.000000
0.993808 0.007792 -0.110834 -107.726288 -0.009988 0.999764 -0.019271 84.023376 0.110658 0.020259 0.993652 110.696487 0.000000 0.000000 0.000000 1.000000
0.996542 0.008722 -0.082632 -105.201019 -0.009509 0.999913 -0.009133 81.103905 0.082546 0.009888 0.996538 112.233086 0.000000 0.000000 0.000000 1.000000
0.996487 0.012286 -0.082837 -102.671227 -0.011162 0.999839 0.014021 78.743179 0.082996 -0.013047 0.996464 113.595726 0.000000 0.000000 0.000000 1.000000
0.994429 -0.006431 -0.105211 -100.045883 0.010851 0.999080 0.041492 77.491585 0.104847 -0.042402 0.993584 114.911713 0.000000 0.000000 0.000000 1.000000
0.989052 -0.061058 -0.134340 -97.215126 0.070599 0.995222 0.067442 77.606995 0.129580 -0.076188 0.988638 116.321793 0.000000 0.000000 0.000000 1.000000
0.979052 -0.131635 -0.155334 -94.288971 0.147313 0.984603 0.094110 79.334923 0.140554 -0.115021 0.983369 117.986885 0.000000 0.000000 0.000000 1.000000
0.970393 -0.186345 -0.153665 -91.468246 0.205743 0.971001 0.121764 83.039635 0.126518 -0.149774 0.980592 119.950150 0.000000 0.000000 0.000000 1.000000
0.970109 -0.212447 -0.117279 -88.913971 0.227542 0.964314 0.135366 88.472816 0.084336 -0.158005 0.983830 122.137138 0.000000 0.000000 0.000000 1.000000
0.977026 -0.207848 -0.047117 -86.619637 0.211956 0.970725 0.112989 94.782211 0.022253 -0.120380 0.992478 124.341805 0.000000 0.000000 0.000000 1.000000
0.985504 -0.167004 0.029855 -84.423119 0.165112 0.984602 0.057418 100.912308 -0.038984 -0.051656 0.997904 126.079453 0.000000 0.000000 0.000000 1.000000
0.992473 -0.100125 0.070509 -82.290741 0.099800 0.994974 0.008124 106.120079 -0.070968 -0.001026 0.997478 126.822472 0.000000 0.000000 0.000000 1.000000
0.997585 -0.032079 0.061605 -80.247749 0.032151 0.999483 -0.000164 109.822762 -0.061568 0.002144 0.998101 126.660553 0.000000 0.000000 0.000000 1.000000
0.999311 0.013213 0.034697 -78.054810 -0.013947 0.999682 0.020995 111.781517 -0.034408 -0.021465 0.999177 126.157043 0.000000 0.000000 0.000000 1.000000
0.999490 0.020574 0.024422 -75.317795 -0.021357 0.999252 0.032244 112.189606 -0.023740 -0.032749 0.999182 125.613670 0.000000 0.000000 0.000000 1.000000
0.998997 -0.005862 0.044394 -72.068573 0.005274 0.999897 0.013346 111.168030 -0.044468 -0.013098 0.998925 125.326668 0.000000 0.000000 0.000000 1.000000
0.995703 -0.026131 0.088841 -68.597778 0.028123 0.999379 -0.021243 109.363106 -0.088230 0.023651 0.995819 125.715790 0.000000 0.000000 0.000000 1.000000
0.991038 -0.017151 0.132472 -64.978676 0.023522 0.998633 -0.046684 107.103096 -0.131490 0.049382 0.990087 126.642189 0.000000 0.000000 0.000000 1.000000
0.989022 0.011323 0.147334 -61.049404 -0.003061 0.998416 -0.056183 104.009399 -0.147736 0.055115 0.987490 127.653999 0.000000 0.000000 0.000000 1.000000
0.992025 0.030033 0.122411 -56.991177 -0.024317 0.998555 -0.047922 99.841293 -0.123673 0.044564 0.991322 128.588333 0.000000 0.000000 0.000000 1.000000
0.996998 0.013494 0.076239 -53.235722 -0.012343 0.999803 -0.015543 94.947510 -0.076433 0.014556 0.996968 129.506882 0.000000 0.000000 0.000000 1.000000
0.998705 -0.027569 0.042764 -50.084465 0.026523 0.999340 0.024833 90.215576 -0.043420 -0.023667 0.998777 130.039642 0.000000 0.000000 0.000000 1.000000
0.997317 -0.062410 0.038255 -47.655010 0.060985 0.997440 0.037347 86.724350 -0.040488 -0.034914 0.998570 129.850906 0.000000 0.000000 0.000000 1.000000
0.996676 -0.069107 0.043134 -45.635578 0.068544 0.997544 0.014403 84.775406 -0.044024 -0.011398 0.998965 129.497177 0.000000 0.000000 0.000000 1.000000
0.998457 -0.050781 0.022481 -43.640827 0.051087 0.998607 -0.013226 84.229172 -0.021778 0.014354 0.999660 129.936935 0.000000 0.000000 0.000000 1.000000
0.999413 -0.022629 -0.025740 -41.438496 0.022121 0.999558 -0.019845 84.586403 0.026178 0.019264 0.999472 131.606461 0.000000 0.000000 0.000000 1.000000
0.997912 0.002006 -0.064555 -39.027729 -0.002785 0.999924 -0.011978 84.928101 0.064526 0.012133 0.997842 134.186127 0.000000 0.000000 0.000000 1.000000
0.997993 0.008797 -0.062716 -36.613110 -0.009373 0.999917 -0.008896 85.144691 0.062632 0.009466 0.997992 136.827942 0.000000 0.000000 0.000000 1.000000
0.999707 -0.006588 -0.023293 -34.226784 0.006240 0.999868 -0.014971 84.527672 0.023388 0.014822 0.999617 139.048340 0.000000 0.000000 0.000000 1.000000
0.999346 -0.027741 0.023207 -31.952602 0.028169 0.999435 -0.018339 82.676575 -0.022685 0.018981 0.999562 140.796173 0.000000 0.000000 0.000000 1.000000
0.998347 -0.036297 0.044559 -29.629498 0.036613 0.999310 -0.006289 80.237038 -0.044300 0.007910 0.998987 142.159515 0.000000 0.000000 0.000000 1.000000
0.999037 -0.034138 0.027556 -27.230930 0.033586 0.999231 0.020256 78.141342 -0.028226 -0.019311 0.999415 143.176254 0.000000 0.000000 0.000000 1.000000
0.998915 -0.042123 -0.019863 -24.861506 0.043053 0.997872 0.048959 76.984474 0.017759 -0.049761 0.998603 143.976166 0.000000 0.000000 0.000000 1.000000
0.994391 -0.072619 -0.076892 -22.553434 0.078018 0.994512 0.069707 77.181259 0.071408 -0.075315 0.994600 144.732544 0.000000 0.000000 0.000000 1.000000
0.986204 -0.118146 -0.115942 -20.348295 0.127869 0.988533 0.080330 79.274033 0.105121 -0.094047 0.990002 145.525742 0.000000 0.000000 0.000000 1.000000
0.978985 -0.171121 -0.110936 -18.491615 0.180451 0.980300 0.080310 83.663948 0.095007 -0.098641 0.990577 146.290741 0.000000 0.000000 0.000000 1.000000
0.972988 -0.225059 -0.051411 -17.239183 0.228058 0.971625 0.062731 89.894875 0.035834 -0.072761 0.996705 146.901947 0.000000 0.000000 0.000000 1.000000
0.966315 -0.253210 0.046051 -16.444944 0.252418 0.967360 0.022368 96.930138 -0.050212 -0.009991 0.998689 147.238922 0.000000 0.000000 0.000000 1.000000
0.962681 -0.233621 0.136628 -15.704057 0.238918 0.970755 -0.023516 103.464935 -0.127138 0.055281 0.990343 147.219208 0.000000 0.000000 0.000000 1.000000
0.967277 -0.183446 0.175278 -14.784640 0.193243 0.980318 -0.040414 108.529678 -0.164414 0.072963 0.983689 146.772156 0.000000 0.000000 0.000000 1.000000
0.978932 -0.131477 0.156223 -13.635233 0.135277 0.990710 -0.013902 111.624786 -0.152944 0.034742 0.987624 145.973953 0.000000 0.000000 0.000000 1.000000
0.989121 -0.095375 0.112000 -12.155071 0.092819 0.995294 0.027833 112.903343 -0.114127 -0.017135 0.993318 145.015610 0.000000 0.000000 0.000000 1.000000
0.992847 -0.089207 0.079353 -10.272728 0.085783 0.995271 0.045562 112.778580 -0.083042 -0.038429 0.995805 143.997604 0.000000 0.000000 0.000000 1.000000
0.991473 -0.104969 0.077225 -8.066047 0.102581 0.994134 0.034275 111.720222 -0.080370 -0.026061 0.996424 143.297714 0.000000 0.000000 0.000000 1.000000
0.989013 -0.110846 0.097809 -5.717176 0.110092 0.993835 0.013086 110.175865 -0.098656 -0.002174 0.995119 143.182999 0.000000 0.000000 0.000000 1.000000
0.989009 -0.094062 0.114079 -3.426160 0.095413 0.995417 -0.006435 108.217117 -0.112951 0.017249 0.993451 143.322403 0.000000 0.000000 0.000000 1.000000
0.992728 -0.055516 0.106815 -1.135484 0.058335 0.998022 -0.023448 105.243515 -0.105301 0.029509 0.994002 143.171082 0.000000 0.000000 0.000000 1.000000
0.997177 -0.011922 0.074139 1.096452 0.014415 0.999345 -0.033183 100.947182 -0.073695 0.034158 0.996696 142.495804 0.000000 0.000000 0.000000 1.000000
0.999505 0.012546 0.028840 2.998427 -0.011753 0.999552 -0.027509 95.823563 -0.029172 0.027157 0.999205 141.374146 0.000000 0.000000 0.000000 1.000000
0.999948 0.001996 -0.010015 4.324584 -0.002118 0.999924 -0.012116 90.938347 0.009990 0.012137 0.999876 139.844406 0.000000 0.000000 0.000000 1.000000
0.998747 -0.040477 -0.029415 5.043163 0.040271 0.999160 -0.007562 87.555786 0.029697 0.006368 0.999539 137.946289 0.000000 0.000000 0.000000 1.000000
0.995315 -0.091670 -0.030727 5.495892 0.090886 0.995521 -0.026016 86.199081 0.032974 0.023101 0.999189 136.123856 0.000000 0.000000 0.000000 1.000000
0.991520 -0.127090 -0.027125 5.793306 0.125295 0.990308 -0.059933 86.311806 0.034479 0.056026 0.997834 135.084137 0.000000 0.000000 0.000000 1.000000
0.989767 -0.139634 -0.029392 5.874940 0.136300 0.986111 -0.094908 87.099304 0.042237 0.089931 0.995052 135.010239 0.000000 0.000000 0.000000 1.000000
0.990128 -0.135539 -0.035729 5.746311 0.130322 0.984014 -0.121382 88.006310 0.051609 0.115527 0.991963 135.595764 0.000000 0.000000 0.000000 1.000000
0.991441 -0.124245 -0.040101 5.502236 0.117726 0.983575 -0.136823 88.928780 0.056442 0.130931 0.989784 136.401184 0.000000 0.000000 0.000000 1.000000
0.992917 -0.110081 -0.044696 5.233786 0.102532 0.983997 -0.145732 89.917519 0.060023 0.140117 0.988314 137.081009 0.000000 0.000000 0.000000 1.000000
0.993783 -0.098348 -0.052175 5.005246 0.089289 0.984008 -0.154127 90.670258 0.066498 0.148510 0.986673 137.492386 0.000000 0.000000 0.000000 1.000000
0.993953 -0.093902 -0.056925 4.816751 0.083579 0.983170 -0.162456 90.926338 0.071222 0.156716 0.985072 137.604767 0.000000 0.000000 0.000000 1.000000
0.993783 -0.098220 -0.052431 4.613278 0.088332 0.982206 -0.165738 90.822052 0.067777 0.160076 0.984775 137.453766 0.000000 0.000000 0.000000 1.000000
0.993254 -0.107166 -0.044294 4.394022 0.098897 0.982319 -0.158963 90.470863 0.060546 0.153510 0.986290 137.116180 0.000000 0.000000 0.000000 1.000000
0.992542 -0.112776 -0.046270 4.138367 0.105292 0.984427 -0.140776 90.053459 0.061426 0.134854 0.988960 136.589462 0.000000 0.000000 0.000000 1.000000
0.992117 -0.109601 -0.060760 3.887330 0.102378 0.988488 -0.111398 89.422112 0.072270 0.104299 0.991917 135.913162 0.000000 0.000000 0.000000 1.000000
0.992769 -0.094791 -0.073652 3.638257 0.089849 0.993648 -0.067752 88.103630 0.079606 0.060644 0.994980 135.269333 0.000000 0.000000 0.000000 1.000000
0.995175 -0.066450 -0.072192 3.162718 0.066334 0.997789 -0.004001 85.993286 0.072298 -0.000807 0.997383 134.785461 0.000000 0.000000 0.000000 1.000000
0.998079 -0.026698 -0.055906 2.163605 0.031046 0.996439 0.078399 83.976166 0.053613 -0.079984 0.995353 134.459091 0.000000 0.000000 0.000000 1.000000
0.999295 0.018304 -0.032776 0.682741 -0.012658 0.986237 0.164854 83.072113 0.035342 -0.164323 0.985773 134.457031 0.000000 0.000000 0.000000 1.000000
0.997978 0.061301 -0.016791 -0.913164 -0.055563 0.969709 0.237858 84.019203 0.030864 -0.236445 0.971155 135.026413 0.000000 0.000000 0.000000 1.000000
0.994139 0.104577 -0.027394 -2.279248 -0.092510 0.954066 0.284955 86.820328 0.055935 -0.280751 0.958149 136.642426 0.000000 0.000000 0.000000 1.000000
0.985810 0.149392 -0.076549 -3.494836 -0.121064 0.948641 0.292274 91.194496 0.116281 -0.278860 0.953266 139.575562 0.000000 0.000000 0.000000 1.000000
0.973247 0.171607 -0.152778 -5.014681 -0.131277 0.961047 0.243218 96.389938 0.188565 -0.216655 0.957864 143.123230 0.000000 0.000000 0.000000 1.000000
0.966235 0.136578 -0.218489 -7.043272 -0.106413 0.983785 0.144373 101.357681 0.234664 -0.116248 0.965101 145.971680 0.000000 0.000000 0.000000 1.000000
0.969671 0.057297 -0.237602 -9.425956 -0.047299 0.997747 0.047572 105.618874 0.239793 -0.034891 0.970197 147.501450 0.000000 0.000000 0.000000 1.000000
0.975628 -0.015430 -0.218888 -11.958200 0.015734 0.999876 -0.000355 108.884018 0.218867 -0.003098 0.975750 147.769180 0.000000 0.000000 0.000000 1.000000
0.978474 -0.051286 -0.199898 -14.389288 0.051039 0.998676 -0.006395 110.452209 0.199961 -0.003945 0.979796 147.035461 0.000000 0.000000 0.000000 1.000000
0.976354 -0.054695 -0.209144 -16.617493 0.053894 0.998501 -0.009531 111.058952 0.209352 -0.001966 0.977838 145.774460 0.000000 0.000000 0.000000 1.000000
0.967074 -0.036998 -0.251793 -18.627920 0.029818 0.999034 -0.032275 110.822571 0.252744 0.023704 0.967243 144.515396 0.000000 0.000000 0.000000 1.000000
0.949559 -0.021618 -0.312841 -20.708876 0.001960 0.998011 -0.063013 109.294411 0.313581 0.059221 0.947713 143.788437 0.000000 0.000000 0.000000 1.000000
0.930743 -0.027251 -0.364657 -23.186054 -0.004705 0.996244 -0.086458 105.930687 0.365644 0.082186 0.927119 143.868393 0.000000 0.000000 0.000000 1.000000
0.919558 -0.057712 -0.388692 -26.171892 0.019172 0.994567 -0.102314 101.341957 0.392485 0.086631 0.915669 144.717682 0.000000 0.000000 0.000000 1.000000
0.916768 -0.102550 -0.386030 -29.447420 0.064908 0.991882 -0.109349 96.236588 0.394110 0.075191 0.915982 145.733170 0.000000 0.000000 0.000000 1.000000
0.916831 -0.125143 -0.379157 -32.427990 0.095872 0.990830 -0.095203 91.229706 0.387594 0.050935 0.920422 146.206024 0.000000 0.000000 0.000000 1.000000
0.914497 -0.099176 -0.392249 -34.855785 0.083138 0.994866 -0.057710 87.025070 0.395958 0.020164 0.918047 146.116089 0.000000 0.000000 0.000000 1.000000
0.908175 -0.039793 -0.416694 -36.912788 0.034777 0.999202 -0.019624 84.111198 0.417143 0.003331 0.908835 145.920395 0.000000 0.000000 0.000000 1.000000
0.906916 0.008822 -0.421220 -38.765877 -0.013764 0.999867 -0.008695 82.716217 0.421087 0.013683 0.906917 146.061447 0.000000 0.000000 0.000000 1.000000
0.920055 0.021582 -0.391194 -40.479790 -0.034722 0.999044 -0.026547 82.779091 0.390247 0.038008 0.919925 146.793533 0.000000 0.000000 0.000000 1.000000
0.938369 0.009323 -0.345508 -42.161606 -0.028374 0.998340 -0.050124 83.800728 0.344468 0.056838 0.937076 148.298126 0.000000 0.000000 0.000000 1.000000
0.946627 -0.006412 -0.322268 -44.109016 -0.015100 0.997822 -0.064206 84.860016 0.321978 0.065646 0.944469 150.642090 0.000000 0.000000 0.000000 1.000000
0.940476 -0.016821 -0.339444 -46.452980 -0.009238 0.997140 -0.075007 85.472275 0.339735 0.073679 0.937631 153.408600 0.000000 0.000000 0.000000 1.000000
0.924386 -0.027566 -0.380460 -49.036549 -0.007284 0.995928 -0.089857 85.799866 0.381388 0.085834 0.920422 155.932434 0.000000 0.000000 0.000000 1.000000
0.907318 -0.040943 -0.418446 -51.537502 -0.001157 0.995000 -0.099865 86.183441 0.420443 0.091093 0.902735 157.863297 0.000000 0.000000 0.000000 1.000000
0.895954 -0.047875 -0.441559 -53.656052 0.008657 0.995867 -0.090409 86.325485 0.444062 0.077179 0.892666 159.243622 0.000000 0.000000 0.000000 1.000000
0.891622 -0.035657 -0.451374 -55.369411 0.010675 0.998273 -0.057773 85.765038 0.452654 0.046693 0.890463 160.202972 0.000000 0.000000 0.000000 1.000000
0.894198 0.011565 -0.447521 -57.053997 -0.017877 0.999791 -0.009882 84.463699 0.447314 0.016836 0.894219 160.881622 0.000000 0.000000 0.000000 1.000000
0.900946 0.089208 -0.424662 -58.955589 -0.078339 0.995998 0.043027 82.773849 0.426800 -0.005497 0.904329 161.475662 0.000000 0.000000 0.000000 1.000000
0.907928 0.172137 -0.382146 -61.165470 -0.146640 0.984606 0.095117 81.827194 0.392636 -0.030321 0.919194 162.450150 0.000000 0.000000 0.000000 1.000000
0.914661 0.230849 -0.331819 -63.459637 -0.193379 0.970749 0.142308 82.436607 0.354964 -0.065997 0.932548 164.079773 0.000000 0.000000 0.000000 1.000000
0.919773 0.253383 -0.299691 -65.631989 -0.206354 0.961803 0.179869 85.075363 0.333819 -0.103596 0.936927 166.320419 0.000000 0.000000 0.000000 1.000000
0.919592 0.247312 -0.305267 -67.573616 -0.191744 0.960705 0.200701 89.818100 0.342907 -0.126030 0.930877 168.781464 0.000000 0.000000 0.000000 1.000000
0.914909 0.221035 -0.337766 -69.391861 -0.162191 0.967535 0.193829 95.929970 0.369644 -0.122553 0.921056 170.952881 0.000000 0.000000 0.000000 1.000000
0.913496 0.173452 -0.368021 -71.518143 -0.123292 0.980052 0.155873 102.169014 0.387717 -0.097015 0.916659 172.464188 0.000000 0.000000 0.000000 1.000000
0.919335 0.109637 -0.377893 -74.207497 -0.075279 0.991664 0.104572 107.547989 0.386208 -0.067689 0.919925 173.012207 0.000000 0.000000 0.000000 1.000000
0.927448 0.050917 -0.370470 -77.042175 -0.028691 0.997456 0.065261 111.450447 0.372850 -0.049897 0.926549 172.476410 0.000000 0.000000 0.000000 1.000000
0.933062 0.017414 -0.359293 -79.442261 -0.002723 0.999141 0.041355 113.205780 0.359705 -0.037609 0.932308 171.199539 0.000000 0.000000 0.000000 1.000000
0.934695 0.010920 -0.355284 -81.425377 -0.006307 0.999880 0.014140 113.498062 0.355396 -0.010976 0.934651 169.839539 0.000000 0.000000 0.000000 1.000000
0.931505 0.016627 -0.363349 -83.474075 -0.028000 0.999268 -0.026055 112.552765 0.362650 0.034445 0.931289 168.789215 0.000000 0.000000 0.000000 1.000000
0.925608 0.010468 -0.378339 -86.073776 -0.037398 0.997255 -0.063903 110.104607 0.376632 0.073298 0.923459 168.376038 0.000000 0.000000 0.000000 1.000000
0.921874 -0.004588 -0.387463 -89.224739 -0.030642 0.995935 -0.084698 106.341431 0.386277 0.089954 0.917986 168.858734 0.000000 0.000000 0.000000 1.000000
0.922855 -0.034756 -0.383577 -92.763390 -0.000241 0.995868 -0.090817 101.950760 0.385148 0.083903 0.919033 169.811676 0.000000 0.000000 0.000000 1.000000
0.925771 -0.073740 -0.370825 -96.187584 0.044790 0.995280 -0.086096 97.066895 0.375423 0.063096 0.924703 170.360123 0.000000 0.000000 0.000000 1.000000
0.929008 -0.088302 -0.359371 -99.034309 0.068774 0.995394 -0.066795 91.973831 0.363614 0.037338 0.930801 170.119507 0.000000 0.000000 0.000000 1.000000
0.933096 -0.056043 -0.355234 -101.249779 0.046949 0.998312 -0.034177 87.355553 0.356550 0.015213 0.934152 169.362808 0.000000 0.000000 0.000000 1.000000
0.937636 0.002906 -0.347605 -103.035622 -0.005632 0.999961 -0.006833 84.080528 0.347572 0.008365 0.937616 168.578827 0.000000 0.000000 0.000000 1.000000
0.946752 0.042540 -0.319142 -104.597267 -0.047397 0.998848 -0.007464 82.361786 0.318457 0.022193 0.947678 168.403717 0.000000 0.000000 0.000000 1.000000
