<?xml version="1.0" encoding="utf-8"?>
<COLLADA xmlns="http://www.collada.org/2005/11/COLLADASchema" version="1.4.1">
  <asset>
    <contributor>
      <author>Mixamo</author>
      <authoring_tool>COLLADA Mixamo exporter</authoring_tool>
      <comments/>
    </contributor>
    <created>2023-01-18T15:01:59Z</created>
    <modified>2023-01-18T15:01:59Z</modified>
    <revision/>
    <title/>
    <unit meter="0.010000"/>
    <up_axis>Y_UP</up_axis>
  </asset>
  <library_animations>
    <animation id="mixamorig_Hips-anim" name="mixamorig_Hips">
      <source id="mixamorig_Hips-Matrix-animation-input">
        <float_array id="mixamorig_Hips-Matrix-animation-input-array" count="16">

0.000000 0.033333 0.066667 0.100000 0.133333 0.166667 0.200000 0.233333 0.266667 0.300000 0.333333 0.366667 0.400000 0.433333 0.466667 0.500000</float_array>
        <technique_common>
          <accessor source="#mixamorig_Hips-Matrix-animation-input-array" count="16">
            <param name="TIME" type="float"/>
          </accessor>
        </technique_common>
      </source>
      <source id="mixamorig_Hips-Matrix-animation-output-transform">
        <float_array id="mixamorig_Hips-Matrix-animation-output-transform-array" count="256">

0.971685 -0.037556 -0.233275 -0.382477 -0.041616 0.944650 -0.325428 95.321091 0.232585 0.325922 0.916340 2.115542 0.000000 0.000000 0.000000 1.000000
0.973062 -0.153783 -0.171760 -0.206975 0.090021 0.939322 -0.331015 93.823997 0.212242 0.306636 0.927862 0.807586 0.000000 0.000000 0.000000 1.000000
0.969907 -0.235178 -0.063023 -0.718017 0.200025 0.917241 -0.344469 93.051491 0.138819 0.321496 0.936680 -0.516739 0.000000 0.000000 0.000000 1.000000
0.981227 -0.191622 0.021791 -1.388989 0.187609 0.922227 -0.338084 94.467888 0.044688 0.335826 0.940863 -0.225030 0.000000 0.000000 0.000000 1.000000
0.995743 -0.072565 0.056840 -1.737934 0.087114 0.942386 -0.322986 96.837433 -0.030128 0.326562 0.944695 1.156800 0.000000 0.000000 0.000000 1.000000
0.996271 -0.038413 0.077250 -1.576708 0.059755 0.953097 -0.296709 96.818642 -0.062230 0.300219 0.951838 1.079640 0.000000 0.000000 0.000000 1.000000
0.991240 -0.052917 0.121007 -1.173610 0.088704 0.945557 -0.313134 95.705055 -0.097849 0.321125 0.941968 -0.686584 0.000000 0.000000 0.000000 1.000000
0.986593 -0.019971 0.161972 -0.844775 0.069987 0.948364 -0.309366 95.362251 -0.147430 0.316554 0.937047 -2.640518 0.000000 0.000000 0.000000 1.000000
0.988651 0.097568 0.114237 -0.375829 -0.058692 0.950820 -0.304132 95.263412 -0.138292 0.293976 0.945755 -3.436908 0.000000 0.000000 0.000000 1.000000
0.973610 0.228216 -0.000379 0.214971 -0.217975 0.929423 -0.297757 95.288383 -0.067601 0.289982 0.954641 -2.989887 0.000000 0.000000 0.000000 1.000000
0.974415 0.212904 -0.072018 0.682297 -0.224690 0.915037 -0.334997 95.959152 -0.005423 0.342607 0.939463 -2.244202 0.000000 0.000000 0.000000 1.000000
0.992247 0.093420 -0.081964 1.512704 -0.115030 0.940025 -0.321126 97.412834 0.047049 0.328064 0.943483 -0.197848 0.000000 0.000000 0.000000 1.000000
0.993051 0.046668 -0.108038 1.412869 -0.078659 0.946043 -0.314349 96.867195 0.087539 0.320663 0.943140 0.988346 0.000000 0.000000 0.000000 1.000000
0.989383 0.033344 -0.141455 0.931775 -0.076364 0.947406 -0.310789 95.506073 0.123652 0.318292 0.939894 1.782211 0.000000 0.000000 0.000000 1.000000
0.983487 0.010591 -0.180667 0.370318 -0.067466 0.947781 -0.311704 94.703873 0.167931 0.318746 0.932845 2.295354 0.000000 0.000000 0.000000 1.000000
0.971685 -0.037556 -0.233275 -0.382478 -0.041615 0.944650 -0.325428 95.321106 0.232585 0.325922 0.916340 2.115544 0.000000 0.000000 0.000000 1.000000</float_array>
        <technique_common>
          <accessor source="#mixamorig_Hips-Matrix-animation-output-transform-array" count="16" stride="16">
            <param type="float4x4"/>
          </accessor>
        </technique_common>
      </source>
      <source id="mixamorig_Hips-Interpolations">
        <Name_array id="mixamorig_Hips-Interpolations-array" count="16">
 LINEAR LINEAR LINEAR LINEAR LINEAR LINEAR LINEAR LINEAR LINEAR LINEAR LINEAR
LINEAR LINEAR LINEAR LINEAR LINEAR</Name_array>
        <technique_common>
          <accessor source="#mixamorig_Hips-Interpolations-array" count="16">
            <param type="name"/>
          </accessor>
        </technique_common>
      </source>
      <sampler id="mixamorig_Hips-Matrix-animation-transform">
        <input semantic="INPUT" source="#mixamorig_Hips-Matrix-animation-input"/>
        <input semantic="OUTPUT" source="#mixamorig_Hips-Matrix-animation-output-transform"/>
        <input semantic="INTERPOLATION" source="#mixamorig_Hips-Interpolations"/>
      </sampler>
      <channel source="#mixamorig_Hips-Matrix-animation-transform" target="mixamorig_Hips/matrix"/>
    </animation>
    <animation id="mixamorig_Spine-anim" name="mixamorig_Spine">
      <source id="mixamorig_Spine-Matrix-animation-input">
        <float_array id="mixamorig_Spine-Matrix-animation-input-array" count="16">

0.000000 0.033333 0.066667 0.100000 0.133333 0.166667 0.200000 0.233333 0.266667 0.300000 0.333333 0.366667 0.400000 0.433333 0.466667 0.500000</float_array>
        <technique_common>
          <accessor source="#mixamorig_Spine-Matrix-animation-input-array" count="16">
            <param name="TIME" type="float"/>
          </accessor>
        </technique_common>
      </source>
      <source id="mixamorig_Spine-Matrix-animation-output-transform">
        <float_array id="mixamorig_Spine-Matrix-animation-output-transform-array" count="256">

0.993643 0.000689 0.112577 -0.000000 -0.006622 0.998607 0.052338 10.182400 -0.112385 -0.052751 0.992264 -0.000000 0.000000 0.000000 0.000000 1.000000
0.976000 0.106394 0.190012 0.000000 -0.117395 0.991945 0.047579 10.182400 -0.183420 -0.068744 0.980628 0.000000 0.000000 0.000000 0.000000 1.000000
0.950952 0.197557 0.238038 0.000000 -0.209772 0.977381 0.026865 10.182400 -0.227347 -0.075481 0.970884 0.000000 0.000000 0.000000 0.000000 1.000000
0.956513 0.187054 0.223817 0.000000 -0.198425 0.979680 0.029237 10.182400 -0.213800 -0.072376 0.974193 -0.000000 0.000000 0.000000 0.000000 1.000000
0.982961 0.106837 0.149581 0.000000 -0.114429 0.992497 0.043078 10.182400 -0.143856 -0.059460 0.987811 0.000000 0.000000 0.000000 0.000000 1.000000
0.994007 0.094879 0.054299 0.000000 -0.096992 0.994571 0.037695 10.182400 -0.050428 -0.042735 0.997813 0.000000 0.000000 0.000000 0.000000 1.000000
0.993292 0.112231 -0.027834 -0.000000 -0.110099 0.991526 0.068957 10.182400 0.035337 -0.065430 0.997231 -0.000000 0.000000 0.000000 0.000000 1.000000
0.992267 0.077112 -0.097259 0.000000 -0.071434 0.995604 0.060580 10.182400 0.101503 -0.053164 0.993414 0.000000 0.000000 0.000000 0.000000 1.000000
0.986694 -0.045286 -0.156153 0.000000 0.049639 0.998477 0.024093 10.182400 0.154824 -0.031523 0.987439 0.000000 0.000000 0.000000 0.000000 1.000000
0.963720 -0.182801 -0.194491 0.000000 0.184392 0.982801 -0.010048 10.182400 0.192983 -0.026179 0.980853 -0.000000 0.000000 0.000000 0.000000 1.000000
0.957966 -0.198937 -0.206703 -0.000000 0.204454 0.978861 0.005461 10.182400 0.201247 -0.047492 0.978388 0.000000 0.000000 0.000000 0.000000 1.000000
0.980419 -0.111988 -0.161981 0.000000 0.114142 0.993456 0.004024 10.182400 0.160470 -0.022434 0.986786 -0.000000 0.000000 0.000000 0.000000 1.000000
0.991380 -0.076998 -0.106006 0.000000 0.078988 0.996767 0.014691 10.182400 0.104532 -0.022938 0.994257 -0.000000 0.000000 0.000000 0.000000 1.000000
0.996525 -0.069039 -0.046591 -0.000000 0.070609 0.996960 0.032940 10.182400 0.044176 -0.036115 0.998371 0.000000 0.000000 0.000000 0.000000 1.000000
0.998511 -0.049944 0.021946 0.000000 0.048834 0.997628 0.048519 10.182400 -0.024317 -0.047375 0.998581 -0.000000 0.000000 0.000000 0.000000 1.000000
0.993643 0.000689 0.112577 0.000000 -0.006623 0.998607 0.052338 10.182400 -0.112384 -0.052751 0.992264 -0.000000 0.000000 0.000000 0.000000 1.000000</float_array>
        <technique_common>
          <accessor source="#mixamorig_Spine-Matrix-animation-output-transform-array" count="16" stride="16">
            <param type="float4x4"/>
          </accessor>
        </technique_common>
      </source>
      <source id="mixamorig_Spine-Interpolations">
        <Name_array id="mixamorig_Spine-Interpolations-array" count="16">
 LINEAR LINEAR LINEAR LINEAR LINEAR LINEAR LINEAR LINEAR LINEAR LINEAR LINEAR
LINEAR LINEAR LINEAR LINEAR LINEAR</Name_array>
        <technique_common>
          <accessor source="#mixamorig_Spine-Interpolations-array" count="16">
            <param type="name"/>
          </accessor>
        </technique_common>
      </source>
      <sampler id="mixamorig_Spine-Matrix-animation-transform">
        <input semantic="INPUT" source="#mixamorig_Spine-Matrix-animation-input"/>
        <input semantic="OUTPUT" source="#mixamorig_Spine-Matrix-animation-output-transform"/>
        <input semantic="INTERPOLATION" source="#mixamorig_Spine-Interpolations"/>
      </sampler>
      <channel source="#mixamorig_Spine-Matrix-animation-transform" target="mixamorig_Spine/matrix"/>
    </animation>
    <animation id="mixamorig_Spine1-anim" name="mixamorig_Spine1">
      <source id="mixamorig_Spine1-Matrix-animation-input">
        <float_array id="mixamorig_Spine1-Matrix-animation-input-array" count="16">

0.000000 0.033333 0.066667 0.100000 0.133333 0.166667 0.200000 0.233333 0.266667 0.300000 0.333333 0.366667 0.400000 0.433333 0.466667 0.500000</float_array>
        <technique_common>
          <accessor source="#mixamorig_Spine1-Matrix-animation-input-array" count="16">
            <param name="TIME" type="float"/>
          </accessor>
        </technique_common>
      </source>
      <source id="mixamorig_Spine1-Matrix-animation-output-transform">
        <float_array id="mixamorig_Spine1-Matrix-animation-output-transform-array" count="256">

0.998937 -0.005502 0.045764 -0.000000 0.008698 0.997514 -0.069930 10.002700 -0.045265 0.070254 0.996502 0.000000 0.000000 0.000000 0.000000 1.000000
0.997492 0.014944 0.069184 -0.000000 -0.010016 0.997424 -0.071030 10.002700 -0.070067 0.070159 0.995072 0.000000 0.000000 0.000000 0.000000 1.000000
0.996331 0.027560 0.081023 0.000000 -0.021422 0.996902 -0.075679 10.002700 -0.082858 0.073666 0.993835 0.000000 0.000000 0.000000 0.000000 1.000000
0.996823 0.029628 0.073936 0.000000 -0.024359 0.997166 -0.071177 10.002700 -0.075836 0.069149 0.994720 0.000000 0.000000 0.000000 0.000000 1.000000
0.998310 0.026938 0.051495 -0.000000 -0.023732 0.997801 -0.061882 10.002700 -0.053049 0.060556 0.996754 0.000000 0.000000 0.000000 0.000000 1.000000
0.999234 0.029813 0.025333 0.000000 -0.028095 0.997448 -0.065638 10.002700 -0.027225 0.064876 0.997522 0.000000 0.000000 0.000000 0.000000 1.000000
0.999266 0.036884 -0.010375 -0.000000 -0.037458 0.997369 -0.062059 10.002700 0.008058 0.062402 0.998019 -0.000000 0.000000 0.000000 0.000000 1.000000
0.998550 0.026366 -0.046933 0.000000 -0.029748 0.996897 -0.072883 10.002700 0.044865 0.074174 0.996236 0.000000 0.000000 0.000000 0.000000 1.000000
0.997489 0.001092 -0.070809 0.000000 -0.007348 0.996079 -0.088158 10.002700 0.070435 0.088457 0.993587 0.000000 0.000000 0.000000 0.000000 1.000000
0.996583 -0.023321 -0.079231 -0.000000 0.015766 0.995383 -0.094679 10.002700 0.081073 0.093107 0.992350 0.000000 0.000000 0.000000 0.000000 1.000000
0.996501 -0.028250 -0.078663 -0.000000 0.021508 0.996126 -0.085270 10.002700 0.080767 0.083279 0.993248 0.000000 0.000000 0.000000 0.000000 1.000000
0.998426 -0.022901 -0.051196 0.000000 0.018668 0.996483 -0.081685 10.002700 0.052886 0.080601 0.995342 0.000000 0.000000 0.000000 0.000000 1.000000
0.999192 -0.021340 -0.034049 0.000000 0.018666 0.996855 -0.077020 10.002700 0.035585 0.076323 0.996448 0.000000 0.000000 0.000000 0.000000 1.000000
0.999522 -0.021760 -0.021946 -0.000000 0.020136 0.997223 -0.071700 10.002700 0.023445 0.071224 0.997185 0.000000 0.000000 0.000000 0.000000 1.000000
0.999829 -0.018479 -0.000198 -0.000000 0.018423 0.997502 -0.068201 10.002700 0.001458 0.068185 0.997672 -0.000000 0.000000 0.000000 0.000000 1.000000
0.998937 -0.005502 0.045764 0.000000 0.008698 0.997514 -0.069930 10.002700 -0.045265 0.070254 0.996502 0.000000 0.000000 0.000000 0.000000 1.000000</float_array>
        <technique_common>
          <accessor source="#mixamorig_Spine1-Matrix-animation-output-transform-array" count="16" stride="16">
            <param type="float4x4"/>
          </accessor>
        </technique_common>
      </source>
      <source id="mixamorig_Spine1-Interpolations">
        <Name_array id="mixamorig_Spine1-Interpolations-array" count="16">
 LINEAR LINEAR LINEAR LINEAR LINEAR LINEAR LINEAR LINEAR LINEAR LINEAR LINEAR
LINEAR LINEAR LINEAR LINEAR LINEAR</Name_array>
        <technique_common>
          <accessor source="#mixamorig_Spine1-Interpolations-array" count="16">
            <param type="name"/>
          </accessor>
        </technique_common>
      </source>
      <sampler id="mixamorig_Spine1-Matrix-animation-transform">
        <input semantic="INPUT" source="#mixamorig_Spine1-Matrix-animation-input"/>
        <input semantic="OUTPUT" source="#mixamorig_Spine1-Matrix-animation-output-transform"/>
        <input semantic="INTERPOLATION" source="#mixamorig_Spine1-Interpolations"/>
      </sampler>
      <channel source="#mixamorig_Spine1-Matrix-animation-transform" target="mixamorig_Spine1/matrix"/>
    </animation>
    <animation id="mixamorig_Spine2-anim" name="mixamorig_Spine2">
      <source id="mixamorig_Spine2-Matrix-animation-input">
        <float_array id="mixamorig_Spine2-Matrix-animation-input-array" count="16">

0.000000 0.033333 0.066667 0.100000 0.133333 0.166667 0.200000 0.233333 0.266667 0.300000 0.333333 0.366667 0.400000 0.433333 0.466667 0.500000</float_array>
        <technique_common>
          <accessor source="#mixamorig_Spine2-Matrix-animation-input-array" count="16">
            <param name="TIME" type="float"/>
          </accessor>
        </technique_common>
      </source>
      <source id="mixamorig_Spine2-Matrix-animation-output-transform">
        <float_array id="mixamorig_Spine2-Matrix-animation-output-transform-array" count="256">

0.998942 -0.006523 0.045514 -0.000000 0.010856 0.995359 -0.095617 9.322100 -0.044679 0.096010 0.994377 0.000000 0.000000 0.000000 0.000000 1.000000
0.997583 0.012001 0.068442 -0.000000 -0.005286 0.995226 -0.097453 9.322100 -0.069285 0.096855 0.992884 -0.000000 0.000000 0.000000 0.000000 1.000000
0.996419 0.023830 0.081121 0.000000 -0.015497 0.994680 -0.101844 9.322100 -0.083117 0.100223 0.991487 0.000000 0.000000 0.000000 0.000000 1.000000
0.996851 0.027174 0.074495 -0.000000 -0.019884 0.995094 -0.096912 9.322100 -0.076763 0.095126 0.992501 0.000000 0.000000 0.000000 0.000000 1.000000
0.998306 0.026581 0.051760 0.000000 -0.021984 0.995927 -0.087437 9.322100 -0.053873 0.086151 0.994824 0.000000 0.000000 0.000000 0.000000 1.000000
0.999233 0.029567 0.025681 0.000000 -0.027107 0.995448 -0.091374 9.322100 -0.028266 0.090608 0.995485 0.000000 0.000000 0.000000 0.000000 1.000000
0.999284 0.036648 -0.009403 -0.000000 -0.037336 0.995400 -0.088230 9.322100 0.006126 0.088518 0.996056 0.000000 0.000000 0.000000 0.000000 1.000000
0.998610 0.026523 -0.045554 0.000000 -0.030951 0.994564 -0.099421 9.322100 0.042670 0.100692 0.994002 0.000000 0.000000 0.000000 0.000000 1.000000
0.997540 0.003181 -0.070029 0.000000 -0.011221 0.993336 -0.114711 9.322100 0.069197 0.115214 0.990928 0.000000 0.000000 0.000000 0.000000 1.000000
0.996619 -0.018891 -0.079966 0.000000 0.009121 0.992632 -0.120825 9.322100 0.081660 0.119687 0.989448 -0.000000 0.000000 0.000000 0.000000 1.000000
0.996459 -0.023930 -0.080609 0.000000 0.014903 0.993734 -0.110775 9.322100 0.082754 0.109181 0.990571 0.000000 0.000000 0.000000 0.000000 1.000000
0.998464 -0.020502 -0.051470 -0.000000 0.014842 0.994037 -0.108026 9.322100 0.053378 0.107096 0.992815 0.000000 0.000000 0.000000 0.000000 1.000000
0.999228 -0.020227 -0.033668 0.000000 0.016650 0.994509 -0.103316 9.322100 0.035573 0.102676 0.994079 0.000000 0.000000 0.000000 0.000000 1.000000
0.999536 -0.021624 -0.021429 0.000000 0.019435 0.995039 -0.097564 9.322100 0.023433 0.097103 0.994998 0.000000 0.000000 0.000000 0.000000 1.000000
0.999817 -0.019150 0.000215 0.000000 0.019085 0.995410 -0.093783 9.322100 0.001581 0.093770 0.995593 0.000000 0.000000 0.000000 0.000000 1.000000
0.998942 -0.006523 0.045514 0.000000 0.010856 0.995359 -0.095617 9.322100 -0.044679 0.096010 0.994377 0.000000 0.000000 0.000000 0.000000 1.000000</float_array>
        <technique_common>
          <accessor source="#mixamorig_Spine2-Matrix-animation-output-transform-array" count="16" stride="16">
            <param type="float4x4"/>
          </accessor>
        </technique_common>
      </source>
      <source id="mixamorig_Spine2-Interpolations">
        <Name_array id="mixamorig_Spine2-Interpolations-array" count="16">
 LINEAR LINEAR LINEAR LINEAR LINEAR LINEAR LINEAR LINEAR LINEAR LINEAR LINEAR
LINEAR LINEAR LINEAR LINEAR LINEAR</Name_array>
        <technique_common>
          <accessor source="#mixamorig_Spine2-Interpolations-array" count="16">
            <param type="name"/>
          </accessor>
        </technique_common>
      </source>
      <sampler id="mixamorig_Spine2-Matrix-animation-transform">
        <input semantic="INPUT" source="#mixamorig_Spine2-Matrix-animation-input"/>
        <input semantic="OUTPUT" source="#mixamorig_Spine2-Matrix-animation-output-transform"/>
        <input semantic="INTERPOLATION" source="#mixamorig_Spine2-Interpolations"/>
      </sampler>
      <channel source="#mixamorig_Spine2-Matrix-animation-transform" target="mixamorig_Spine2/matrix"/>
    </animation>
    <animation id="mixamorig_Neck-anim" name="mixamorig_Neck">
      <source id="mixamorig_Neck-Matrix-animation-input">
        <float_array id="mixamorig_Neck-Matrix-animation-input-array" count="16">

0.000000 0.033333 0.066667 0.100000 0.133333 0.166667 0.200000 0.233333 0.266667 0.300000 0.333333 0.366667 0.400000 0.433333 0.466667 0.500000</float_array>
        <technique_common>
          <accessor source="#mixamorig_Neck-Matrix-animation-input-array" count="16">
            <param name="TIME" type="float"/>
          </accessor>
        </technique_common>
      </source>
      <source id="mixamorig_Neck-Matrix-animation-output-transform">
        <float_array id="mixamorig_Neck-Matrix-animation-output-transform-array" count="256">

0.999967 -0.006867 0.004282 0.000000 0.006360 0.994045 0.108782 16.865299 -0.005004 -0.108751 0.994056 0.000000 0.000000 0.000000 0.000000 1.000000
0.999339 0.033416 -0.014331 -0.000000 -0.032436 0.997427 0.063928 16.865299 0.016431 -0.063421 0.997852 0.000000 0.000000 0.000000 0.000000 1.000000
0.998253 0.042123 -0.041428 0.000000 -0.041827 0.999093 0.007987 16.865299 0.041726 -0.006240 0.999110 -0.000000 0.000000 0.000000 0.000000 1.000000
0.998259 0.025415 -0.053220 -0.000000 -0.026718 0.999357 -0.023927 16.865299 0.052577 0.025307 0.998296 -0.000000 0.000000 0.000000 0.000000 1.000000
0.998975 0.003328 -0.045146 -0.000000 -0.003963 0.999894 -0.013985 16.865299 0.045095 0.014149 0.998883 0.000000 0.000000 0.000000 0.000000 1.000000
0.999459 -0.006069 -0.032336 0.000000 0.006873 0.999668 0.024813 16.865299 0.032175 -0.025021 0.999169 -0.000000 0.000000 0.000000 0.000000 1.000000
0.999623 -0.014416 -0.023358 -0.000000 0.015342 0.999083 0.039970 16.865299 0.022760 -0.040313 0.998928 -0.000000 0.000000 0.000000 0.000000 1.000000
0.999808 -0.017999 -0.007721 0.000000 0.018456 0.997781 0.063967 16.865299 0.006552 -0.064097 0.997922 0.000000 0.000000 0.000000 0.000000 1.000000
0.999569 -0.022979 0.018269 0.000000 0.021655 0.997337 0.069640 16.865299 -0.019821 -0.069215 0.997405 0.000000 0.000000 0.000000 0.000000 1.000000
0.998536 -0.025090 0.047923 0.000000 0.022802 0.998601 0.047719 16.865299 -0.049053 -0.046556 0.997711 0.000000 0.000000 0.000000 0.000000 1.000000
0.997802 -0.017800 0.063837 0.000000 0.016635 0.999686 0.018736 16.865299 -0.064150 -0.017633 0.997784 -0.000000 0.000000 0.000000 0.000000 1.000000
0.998097 -0.047460 0.039379 0.000000 0.045344 0.997564 0.053008 16.865299 -0.041799 -0.051121 0.997817 0.000000 0.000000 0.000000 0.000000 1.000000
0.998236 -0.052470 0.027792 0.000000 0.050276 0.995953 0.074501 16.865299 -0.031588 -0.072972 0.996834 0.000000 0.000000 0.000000 0.000000 1.000000
0.998629 -0.046754 0.023537 0.000000 0.044486 0.995030 0.089081 16.865299 -0.027585 -0.087912 0.995746 -0.000000 0.000000 0.000000 0.000000 1.000000
0.999256 -0.034639 0.016959 0.000000 0.032746 0.994303 0.101438 16.865299 -0.020376 -0.100807 0.994697 0.000000 0.000000 0.000000 0.000000 1.000000
0.999967 -0.006867 0.004282 0.000000 0.006360 0.994045 0.108782 16.865299 -0.005004 -0.108751 0.994056 0.000000 0.000000 0.000000 0.000000 1.000000</float_array>
        <technique_common>
          <accessor source="#mixamorig_Neck-Matrix-animation-output-transform-array" count="16" stride="16">
            <param type="float4x4"/>
          </accessor>
        </technique_common>
      </source>
      <source id="mixamorig_Neck-Interpolations">
        <Name_array id="mixamorig_Neck-Interpolations-array" count="16">
 LINEAR LINEAR LINEAR LINEAR LINEAR LINEAR LINEAR LINEAR LINEAR LINEAR LINEAR
LINEAR LINEAR LINEAR LINEAR LINEAR</Name_array>
        <technique_common>
          <accessor source="#mixamorig_Neck-Interpolations-array" count="16">
            <param type="name"/>
          </accessor>
        </technique_common>
      </source>
      <sampler id="mixamorig_Neck-Matrix-animation-transform">
        <input semantic="INPUT" source="#mixamorig_Neck-Matrix-animation-input"/>
        <input semantic="OUTPUT" source="#mixamorig_Neck-Matrix-animation-output-transform"/>
        <input semantic="INTERPOLATION" source="#mixamorig_Neck-Interpolations"/>
      </sampler>
      <channel source="#mixamorig_Neck-Matrix-animation-transform" target="mixamorig_Neck/matrix"/>
    </animation>
    <animation id="mixamorig_Head-anim" name="mixamorig_Head">
      <source id="mixamorig_Head-Matrix-animation-input">
        <float_array id="mixamorig_Head-Matrix-animation-input-array" count="16">

0.000000 0.033333 0.066667 0.100000 0.133333 0.166667 0.200000 0.233333 0.266667 0.300000 0.333333 0.366667 0.400000 0.433333 0.466667 0.500000</float_array>
        <technique_common>
          <accessor source="#mixamorig_Head-Matrix-animation-input-array" count="16">
            <param name="TIME" type="float"/>
          </accessor>
        </technique_common>
      </source>
      <source id="mixamorig_Head-Matrix-animation-output-transform">
        <float_array id="mixamorig_Head-Matrix-animation-output-transform-array" count="256">

0.998739 0.008185 0.049524 0.000000 -0.022214 0.956813 0.289854 9.341900 -0.045012 -0.290589 0.955789 2.841000 0.000000 0.000000 0.000000 1.000000
0.990202 -0.003473 -0.139598 0.000000 0.034749 0.974372 0.222244 9.341900 0.135248 -0.224917 0.964946 2.841000 0.000000 0.000000 0.000000 1.000000
0.953977 -0.033426 -0.298010 -0.000000 0.098209 0.973789 0.205161 9.341900 0.283342 -0.224986 0.932255 2.841000 0.000000 0.000000 0.000000 1.000000
0.937092 -0.065090 -0.342959 0.000000 0.143565 0.967391 0.208670 9.341900 0.318194 -0.244780 0.915880 2.841000 0.000000 0.000000 0.000000 1.000000
0.953256 -0.105096 -0.283298 -0.000000 0.168587 0.963056 0.210002 9.341900 0.250762 -0.247946 0.935757 2.841000 0.000000 0.000000 0.000000 1.000000
0.967478 -0.142129 -0.209250 -0.000000 0.182993 0.964373 0.191046 9.341900 0.174642 -0.223125 0.959018 2.841000 0.000000 0.000000 0.000000 1.000000
0.974781 -0.157881 -0.157720 0.000000 0.187468 0.962739 0.194911 9.341900 0.121070 -0.219562 0.968057 2.841000 0.000000 0.000000 0.000000 1.000000
0.982507 -0.166430 -0.083555 0.000000 0.181867 0.954018 0.238275 9.341900 0.040057 -0.249302 0.967597 2.841000 0.000000 0.000000 0.000000 1.000000
0.986528 -0.151606 0.061471 -0.000000 0.129865 0.954256 0.269317 9.341900 -0.099489 -0.257705 0.961088 2.841000 0.000000 0.000000 0.000000 1.000000
0.966895 -0.106854 0.231727 -0.000000 0.044369 0.964670 0.259698 9.341900 -0.251289 -0.240819 0.937475 2.841000 0.000000 0.000000 0.000000 1.000000
0.949011 -0.068811 0.307642 0.000000 -0.014924 0.964986 0.261878 9.341900 -0.314890 -0.253116 0.914755 2.841000 0.000000 0.000000 0.000000 1.000000
0.959747 -0.021994 0.280002 0.000000 -0.053429 0.964428 0.258891 9.341900 -0.275736 -0.263431 0.924432 2.841000 0.000000 0.000000 0.000000 1.000000
0.969028 -0.004797 0.246903 0.000000 -0.060401 0.964840 0.255804 9.341900 -0.239449 -0.262795 0.934667 2.841000 0.000000 0.000000 0.000000 1.000000
0.976538 -0.000187 0.215345 0.000000 -0.055307 0.966238 0.251644 9.341900 -0.208122 -0.257651 0.943558 2.841000 0.000000 0.000000 0.000000 1.000000
0.986942 0.003059 0.161049 0.000000 -0.045155 0.964983 0.258395 9.341900 -0.154619 -0.262293 0.952521 2.841000 0.000000 0.000000 0.000000 1.000000
0.998739 0.008185 0.049524 -0.000000 -0.022214 0.956813 0.289854 9.341900 -0.045012 -0.290589 0.955789 2.841000 0.000000 0.000000 0.000000 1.000000</float_array>
        <technique_common>
          <accessor source="#mixamorig_Head-Matrix-animation-output-transform-array" count="16" stride="16">
            <param type="float4x4"/>
          </accessor>
        </technique_common>
      </source>
      <source id="mixamorig_Head-Interpolations">
        <Name_array id="mixamorig_Head-Interpolations-array" count="16">
 LINEAR LINEAR LINEAR LINEAR LINEAR LINEAR LINEAR LINEAR LINEAR LINEAR LINEAR
LINEAR LINEAR LINEAR LINEAR LINEAR</Name_array>
        <technique_common>
          <accessor source="#mixamorig_Head-Interpolations-array" count="16">
            <param type="name"/>
          </accessor>
        </technique_common>
      </source>
      <sampler id="mixamorig_Head-Matrix-animation-transform">
        <input semantic="INPUT" source="#mixamorig_Head-Matrix-animation-input"/>
        <input semantic="OUTPUT" source="#mixamorig_Head-Matrix-animation-output-transform"/>
        <input semantic="INTERPOLATION" source="#mixamorig_Head-Interpolations"/>
      </sampler>
      <channel source="#mixamorig_Head-Matrix-animation-transform" target="mixamorig_Head/matrix"/>
    </animation>
    <animation id="mixamorig_RightShoulder-anim" name="mixamorig_RightShoulder">
      <source id="mixamorig_RightShoulder-Matrix-animation-input">
        <float_array id="mixamorig_RightShoulder-Matrix-animation-input-array" count="16">

0.000000 0.033333 0.066667 0.100000 0.133333 0.166667 0.200000 0.233333 0.266667 0.300000 0.333333 0.366667 0.400000 0.433333 0.466667 0.500000</float_array>
        <technique_common>
          <accessor source="#mixamorig_RightShoulder-Matrix-animation-input-array" count="16">
            <param name="TIME" type="float"/>
          </accessor>
        </technique_common>
      </source>
      <source id="mixamorig_RightShoulder-Matrix-animation-output-transform">
        <float_array id="mixamorig_RightShoulder-Matrix-animation-output-transform-array" count="256">

0.202354 -0.968930 0.142221 -4.570000 -0.171490 -0.178041 -0.968965 11.195800 0.964181 0.171684 -0.202189 -0.806600 0.000000 0.000000 0.000000 1.000000
0.178041 -0.983565 -0.030015 -4.570000 -0.155793 0.001943 -0.987788 11.195800 0.971612 0.180543 -0.152887 -0.806600 0.000000 0.000000 0.000000 1.000000
0.089523 -0.994437 -0.055512 -4.570000 -0.127325 0.043851 -0.990891 11.195800 0.987813 0.095776 -0.122691 -0.806600 0.000000 0.000000 0.000000 1.000000
0.063562 -0.997229 -0.038656 -4.570000 -0.125756 0.030422 -0.991595 11.195800 0.990023 0.067889 -0.123474 -0.806600 0.000000 0.000000 0.000000 1.000000
0.119096 -0.992598 -0.023774 -4.570000 -0.152670 0.005352 -0.988263 11.195800 0.981075 0.121328 -0.150902 -0.806600 0.000000 0.000000 0.000000 1.000000
0.153100 -0.987741 0.030474 -4.570000 -0.167815 -0.056376 -0.984205 11.195800 0.973858 0.145568 -0.174389 -0.806600 0.000000 0.000000 0.000000 1.000000
0.172925 -0.975770 0.134052 -4.570000 -0.171152 -0.163801 -0.971533 11.195800 0.969951 0.145059 -0.195330 -0.806600 0.000000 0.000000 0.000000 1.000000
0.161332 -0.973859 0.159909 -4.570000 -0.172071 -0.187307 -0.967113 11.195800 0.971784 0.128510 -0.197791 -0.806600 0.000000 0.000000 0.000000 1.000000
0.180688 -0.980048 0.082818 -4.570000 -0.167061 -0.113562 -0.979385 11.195800 0.969248 0.163127 -0.184247 -0.806600 0.000000 0.000000 0.000000 1.000000
0.247969 -0.968604 -0.017842 -4.570000 -0.157072 -0.022024 -0.987341 11.195800 0.955950 0.247633 -0.157602 -0.806600 0.000000 0.000000 0.000000 1.000000
0.316215 -0.948672 -0.005482 -4.570000 -0.150345 -0.044406 -0.987636 11.195800 0.936699 0.313130 -0.156670 -0.806600 0.000000 0.000000 0.000000 1.000000
0.270907 -0.961567 0.044694 -4.570000 -0.166516 -0.092542 -0.981686 11.195800 0.948094 0.258503 -0.185187 -0.806600 0.000000 0.000000 0.000000 1.000000
0.218263 -0.964552 0.148330 -4.570000 -0.175416 -0.188296 -0.966320 11.195800 0.959995 0.184892 -0.210296 -0.806600 0.000000 0.000000 0.000000 1.000000
0.166903 -0.948356 0.269747 -4.570000 -0.180369 -0.298336 -0.937264 11.195800 0.969335 0.107778 -0.220847 -0.806600 0.000000 0.000000 0.000000 1.000000
0.146079 -0.939904 0.308611 -4.570000 -0.181038 -0.332088 -0.925712 11.195800 0.972567 0.079357 -0.218670 -0.806600 0.000000 0.000000 0.000000 1.000000
0.202354 -0.968930 0.142222 -4.570000 -0.171490 -0.178041 -0.968965 11.195800 0.964180 0.171684 -0.202189 -0.806600 0.000000 0.000000 0.000000 1.000000</float_array>
        <technique_common>
          <accessor source="#mixamorig_RightShoulder-Matrix-animation-output-transform-array" count="16" stride="16">
            <param type="float4x4"/>
          </accessor>
        </technique_common>
      </source>
      <source id="mixamorig_RightShoulder-Interpolations">
        <Name_array id="mixamorig_RightShoulder-Interpolations-array" count="16">
 LINEAR LINEAR LINEAR LINEAR LINEAR LINEAR LINEAR LINEAR LINEAR LINEAR LINEAR
LINEAR LINEAR LINEAR LINEAR LINEAR</Name_array>
        <technique_common>
          <accessor source="#mixamorig_RightShoulder-Interpolations-array" count="16">
            <param type="name"/>
          </accessor>
        </technique_common>
      </source>
      <sampler id="mixamorig_RightShoulder-Matrix-animation-transform">
        <input semantic="INPUT" source="#mixamorig_RightShoulder-Matrix-animation-input"/>
        <input semantic="OUTPUT" source="#mixamorig_RightShoulder-Matrix-animation-output-transform"/>
        <input semantic="INTERPOLATION" source="#mixamorig_RightShoulder-Interpolations"/>
      </sampler>
      <channel source="#mixamorig_RightShoulder-Matrix-animation-transform" target="mixamorig_RightShoulder/matrix"/>
    </animation>
    <animation id="mixamorig_RightArm-anim" name="mixamorig_RightArm">
      <source id="mixamorig_RightArm-Matrix-animation-input">
        <float_array id="mixamorig_RightArm-Matrix-animation-input-array" count="16">

0.000000 0.033333 0.066667 0.100000 0.133333 0.166667 0.200000 0.233333 0.266667 0.300000 0.333333 0.366667 0.400000 0.433333 0.466667 0.500000</float_array>
        <technique_common>
          <accessor source="#mixamorig_RightArm-Matrix-animation-input-array" count="16">
            <param name="TIME" type="float"/>
          </accessor>
        </technique_common>
      </source>
      <source id="mixamorig_RightArm-Matrix-animation-output-transform">
        <float_array id="mixamorig_RightArm-Matrix-animation-output-transform-array" count="256">

0.785489 0.611795 -0.093349 0.000000 -0.346814 0.310219 -0.885146 10.838200 -0.512569 0.727648 0.455853 0.000000 0.000000 0.000000 0.000000 1.000000
0.642027 0.762395 -0.080960 0.000000 -0.371594 0.217071 -0.902662 10.838200 -0.670611 0.609618 0.422667 0.000000 0.000000 0.000000 0.000000 1.000000
0.587629 0.809121 0.003920 0.000000 -0.392261 0.289113 -0.873238 10.838200 -0.707689 0.511602 0.487278 0.000000 0.000000 0.000000 0.000000 1.000000
0.716191 0.697589 -0.020967 0.000000 -0.411515 0.397843 -0.819986 10.838200 -0.563672 0.595895 0.572000 -0.000000 0.000000 0.000000 0.000000 1.000000
0.882151 0.430500 -0.190996 0.000000 -0.384963 0.425477 -0.819007 10.838200 -0.271318 0.796015 0.541061 0.000000 0.000000 0.000000 0.000000 1.000000
0.901735 0.254313 -0.349571 -0.000000 -0.426118 0.386754 -0.817829 10.838200 -0.072786 0.886423 0.457117 0.000000 0.000000 0.000000 0.000000 1.000000
0.944550 0.225272 -0.238911 -0.000000 -0.310436 0.375462 -0.873303 10.838200 -0.107029 0.899044 0.424575 -0.000000 0.000000 0.000000 0.000000 1.000000
0.980347 0.024187 -0.195793 -0.000000 -0.181512 0.499391 -0.847149 10.838200 0.077287 0.866039 0.493967 0.000000 0.000000 0.000000 0.000000 1.000000
0.904257 -0.290976 -0.312493 0.000000 -0.067058 0.625997 -0.776937 10.838200 0.421690 0.723506 0.546550 -0.000000 0.000000 0.000000 0.000000 1.000000
0.734628 -0.528241 -0.425773 0.000000 0.066628 0.680685 -0.729540 10.838200 0.675191 0.507572 0.535246 0.000000 0.000000 0.000000 0.000000 1.000000
0.687804 -0.659727 -0.302796 0.000000 0.288204 0.631036 -0.720231 10.838200 0.666231 0.408110 0.624165 0.000000 0.000000 0.000000 0.000000 1.000000
0.754315 -0.633585 -0.171983 0.000000 0.290019 0.556605 -0.778511 10.838200 0.588980 0.537365 0.603607 0.000000 0.000000 0.000000 0.000000 1.000000
0.898750 -0.388666 -0.202943 0.000000 0.111889 0.650833 -0.750931 10.838200 0.423944 0.652193 0.628424 -0.000000 0.000000 0.000000 0.000000 1.000000
0.959119 -0.028286 -0.281587 0.000000 -0.186941 0.683692 -0.705420 10.838200 0.212472 0.729222 0.650454 0.000000 0.000000 0.000000 0.000000 1.000000
0.911263 0.306559 -0.274994 -0.000000 -0.404494 0.540828 -0.737488 10.838200 -0.077359 0.783279 0.616838 0.000000 0.000000 0.000000 0.000000 1.000000
0.785489 0.611795 -0.093349 0.000000 -0.346814 0.310220 -0.885146 10.838200 -0.512569 0.727648 0.455853 -0.000000 0.000000 0.000000 0.000000 1.000000</float_array>
        <technique_common>
          <accessor source="#mixamorig_RightArm-Matrix-animation-output-transform-array" count="16" stride="16">
            <param type="float4x4"/>
          </accessor>
        </technique_common>
      </source>
      <source id="mixamorig_RightArm-Interpolations">
        <Name_array id="mixamorig_RightArm-Interpolations-array" count="16">
 LINEAR LINEAR LINEAR LINEAR LINEAR LINEAR LINEAR LINEAR LINEAR LINEAR LINEAR
LINEAR LINEAR LINEAR LINEAR LINEAR</Name_array>
        <technique_common>
          <accessor source="#mixamorig_RightArm-Interpolations-array" count="16">
            <param type="name"/>
          </accessor>
        </technique_common>
      </source>
      <sampler id="mixamorig_RightArm-Matrix-animation-transform">
        <input semantic="INPUT" source="#mixamorig_RightArm-Matrix-animation-input"/>
        <input semantic="OUTPUT" source="#mixamorig_RightArm-Matrix-animation-output-transform"/>
        <input semantic="INTERPOLATION" source="#mixamorig_RightArm-Interpolations"/>
      </sampler>
      <channel source="#mixamorig_RightArm-Matrix-animation-transform" target="mixamorig_RightArm/matrix"/>
    </animation>
    <animation id="mixamorig_RightForeArm-anim" name="mixamorig_RightForeArm">
      <source id="mixamorig_RightForeArm-Matrix-animation-input">
        <float_array id="mixamorig_RightForeArm-Matrix-animation-input-array" count="16">

0.000000 0.033333 0.066667 0.100000 0.133333 0.166667 0.200000 0.233333 0.266667 0.300000 0.333333 0.366667 0.400000 0.433333 0.466667 0.500000</float_array>
        <technique_common>
          <accessor source="#mixamorig_RightForeArm-Matrix-animation-input-array" count="16">
            <param name="TIME" type="float"/>
          </accessor>
        </technique_common>
      </source>
      <source id="mixamorig_RightForeArm-Matrix-animation-output-transform">
        <float_array id="mixamorig_RightForeArm-Matrix-animation-output-transform-array" count="256">

0.310114 0.950699 0.000000 0.000000 -0.950699 0.310114 -0.000000 27.841499 -0.000000 -0.000000 1.000000 0.000000 0.000000 0.000000 0.000000 1.000000
0.007602 0.999971 0.000000 0.000000 -0.999971 0.007602 -0.000000 27.841499 -0.000000 -0.000000 1.000000 0.000000 0.000000 0.000000 0.000000 1.000000
-0.332025 0.943270 0.000000 0.000000 -0.943270 -0.332025 0.000000 27.841499 0.000000 -0.000000 1.000000 0.000000 0.000000 0.000000 0.000000 1.000000
-0.507697 0.861536 0.000000 0.000000 -0.861536 -0.507697 0.000000 27.841499 0.000000 -0.000000 1.000000 0.000000 0.000000 0.000000 0.000000 1.000000
-0.369997 0.929033 0.000000 0.000000 -0.929033 -0.369997 -0.000000 27.841499 0.000000 -0.000000 1.000000 0.000000 0.000000 0.000000 0.000000 1.000000
0.230892 0.972979 0.000000 -0.000000 -0.972979 0.230892 0.000001 27.841499 0.000000 -0.000000 1.000000 0.000000 0.000000 0.000000 0.000000 1.000000
0.894241 0.447586 -0.000000 0.000000 -0.447586 0.894241 -0.000000 27.841499 0.000000 0.000000 1.000000 0.000000 0.000000 0.000000 0.000000 1.000000
0.959285 0.282441 -0.000000 0.000000 -0.282441 0.959285 -0.000000 27.841499 0.000000 0.000000 1.000000 0.000000 0.000000 0.000000 0.000000 1.000000
0.826609 0.562776 -0.000000 -0.000000 -0.562776 0.826609 0.000000 27.841499 0.000000 -0.000000 1.000000 0.000000 0.000000 0.000000 0.000000 1.000000
0.555131 0.831763 0.000000 0.000000 -0.831763 0.555131 0.000000 27.841499 0.000000 -0.000000 1.000000 0.000000 0.000000 0.000000 0.000000 1.000000
0.490696 0.871331 -0.000000 0.000000 -0.871331 0.490696 0.000000 27.841499 0.000000 0.000000 1.000000 0.000000 0.000000 0.000000 0.000000 1.000000
0.566762 0.823882 0.000000 -0.000000 -0.823882 0.566762 -0.000000 27.841499 -0.000000 -0.000000 1.000000 0.000000 0.000000 0.000000 0.000000 1.000000
0.578992 0.815333 0.000000 -0.000000 -0.815333 0.578992 -0.000000 27.841499 -0.000000 -0.000000 1.000000 0.000000 0.000000 0.000000 0.000000 1.000000
0.560741 0.827991 0.000000 0.000000 -0.827991 0.560741 0.000000 27.841499 -0.000000 -0.000000 1.000000 0.000000 0.000000 0.000000 0.000000 1.000000
0.497366 0.867541 0.000000 0.000000 -0.867541 0.497366 0.000000 27.841499 -0.000000 -0.000000 1.000000 0.000000 0.000000 0.000000 0.000000 1.000000
0.310114 0.950699 0.000000 0.000000 -0.950699 0.310114 -0.000000 27.841499 -0.000000 -0.000000 1.000000 0.000000 0.000000 0.000000 0.000000 1.000000</float_array>
        <technique_common>
          <accessor source="#mixamorig_RightForeArm-Matrix-animation-output-transform-array" count="16" stride="16">
            <param type="float4x4"/>
          </accessor>
        </technique_common>
      </source>
      <source id="mixamorig_RightForeArm-Interpolations">
        <Name_array id="mixamorig_RightForeArm-Interpolations-array" count="16">
 LINEAR LINEAR LINEAR LINEAR LINEAR LINEAR LINEAR LINEAR LINEAR LINEAR LINEAR
LINEAR LINEAR LINEAR LINEAR LINEAR</Name_array>
        <technique_common>
          <accessor source="#mixamorig_RightForeArm-Interpolations-array" count="16">
            <param type="name"/>
          </accessor>
        </technique_common>
      </source>
      <sampler id="mixamorig_RightForeArm-Matrix-animation-transform">
        <input semantic="INPUT" source="#mixamorig_RightForeArm-Matrix-animation-input"/>
        <input semantic="OUTPUT" source="#mixamorig_RightForeArm-Matrix-animation-output-transform"/>
        <input semantic="INTERPOLATION" source="#mixamorig_RightForeArm-Interpolations"/>
      </sampler>
      <channel source="#mixamorig_RightForeArm-Matrix-animation-transform" target="mixamorig_RightForeArm/matrix"/>
    </animation>
    <animation id="mixamorig_RightHand-anim" name="mixamorig_RightHand">
      <source id="mixamorig_RightHand-Matrix-animation-input">
        <float_array id="mixamorig_RightHand-Matrix-animation-input-array" count="16">

0.000000 0.033333 0.066667 0.100000 0.133333 0.166667 0.200000 0.233333 0.266667 0.300000 0.333333 0.366667 0.400000 0.433333 0.466667 0.500000</float_array>
        <technique_common>
