<?xml version="1.0" encoding="utf-8"?>
<COLLADA xmlns="http://www.collada.org/2005/11/COLLADASchema" version="1.4.1">
  <asset>
    <contributor>
      <author>Mixamo</author>
      <authoring_tool>COLLADA Mixamo exporter</authoring_tool>
      <comments/>
    </contributor>
    <created>2023-01-18T18:10:12Z</created>
    <modified>2023-01-18T18:10:12Z</modified>
    <revision/>
    <title/>
    <unit meter="0.010000"/>
    <up_axis>Y_UP</up_axis>
  </asset>
  <library_animations>
    <animation id="mixamorig_Hips-anim" name="mixamorig_Hips">
      <source id="mixamorig_Hips-Matrix-animation-input">
        <float_array id="mixamorig_Hips-Matrix-animation-input-array" count="42">

0.000000 0.033333 0.066667 0.100000 0.133333 0.166667 0.200000 0.233333 0.266667 0.300000 0.333333 0.366667 0.400000 0.433333 0.466667 0.500000
0.533333 0.566667 0.600000 0.633333 0.666667 0.700000 0.733333 0.766667 0.800000 0.833333 0.866667 0.900000 0.933333 0.966667 1.000000 1.033333
1.066667 1.100000 1.133333 1.166667 1.200000 1.233333 1.266667 1.300000 1.333333 1.366667</float_array>
        <technique_common>
          <accessor source="#mixamorig_Hips-Matrix-animation-input-array" count="42">
            <param name="TIME" type="float"/>
          </accessor>
        </technique_common>
      </source>
      <source id="mixamorig_Hips-Matrix-animation-output-transform">
        <float_array id="mixamorig_Hips-Matrix-animation-output-transform-array" count="672">

0.978620 0.120641 0.166577 -0.345517 -0.116519 0.992595 -0.034333 105.401215 -0.169485 0.014190 0.985431 2.095909 0.000000 0.000000 0.000000 1.000000
0.986248 0.092437 0.137006 -0.323287 -0.088910 0.995536 -0.031659 105.809227 -0.139320 0.019042 0.990064 4.946291 0.000000 0.000000 0.000000 1.000000
0.993319 0.057009 0.100336 -0.210387 -0.054732 0.998181 -0.025298 106.132278 -0.101595 0.019637 0.994632 7.623040 0.000000 0.000000 0.000000 1.000000
0.997960 0.024516 0.058949 -0.038548 -0.023411 0.999538 -0.019366 106.345856 -0.059396 0.017947 0.998073 10.610969 0.000000 0.000000 0.000000 1.000000
0.999866 0.000281 0.016345 0.019278 -0.000003 0.999855 -0.017011 106.230484 -0.016348 0.017009 0.999722 13.806572 0.000000 0.000000 0.000000 1.000000
0.999519 -0.017466 -0.025644 0.167980 0.016987 0.999679 -0.018796 106.017799 0.025964 0.018351 0.999494 17.284237 0.000000 0.000000 0.000000 1.000000
0.997463 -0.031949 -0.063608 0.311031 0.030443 0.999236 -0.024500 105.248657 0.064342 0.022502 0.997674 20.854399 0.000000 0.000000 0.000000 1.000000
0.994570 -0.046321 -0.093196 0.440560 0.043449 0.998523 -0.032620 104.396324 0.094569 0.028393 0.995113 24.569868 0.000000 0.000000 0.000000 1.000000
0.991950 -0.063000 -0.109848 0.534946 0.058873 0.997447 -0.040419 103.868149 0.112114 0.033626 0.993126 28.324591 0.000000 0.000000 0.000000 1.000000
0.990163 -0.082534 -0.112981 0.627127 0.077975 0.995975 -0.044193 103.545288 0.116173 0.034948 0.992614 31.871237 0.000000 0.000000 0.000000 1.000000
0.988688 -0.105881 -0.106230 0.599643 0.102053 0.993940 -0.040854 103.199318 0.109912 0.029551 0.993502 35.737461 0.000000 0.000000 0.000000 1.000000
0.986574 -0.132624 -0.095302 0.381088 0.130351 0.991022 -0.029722 103.222389 0.098388 0.016900 0.995005 39.880867 0.000000 0.000000 0.000000 1.000000
0.982783 -0.163149 -0.086718 0.174749 0.162612 0.986601 -0.013273 103.099380 0.087722 -0.001057 0.996144 43.765934 0.000000 0.000000 0.000000 1.000000
0.977427 -0.193282 -0.085310 0.057062 0.194265 0.980943 0.003296 102.831841 0.083047 -0.019795 0.996349 47.289543 0.000000 0.000000 0.000000 1.000000
0.971438 -0.219545 -0.090042 -0.057786 0.221774 0.974976 0.015421 102.742020 0.084403 -0.034949 0.995819 50.704723 0.000000 0.000000 0.000000 1.000000
0.966558 -0.237607 -0.096485 -0.061248 0.240642 0.970387 0.020973 102.977654 0.088645 -0.043490 0.995113 53.964596 0.000000 0.000000 0.000000 1.000000
0.964628 -0.244333 -0.098967 -0.029231 0.247496 0.968664 0.020865 103.639473 0.090767 -0.044620 0.994872 57.376801 0.000000 0.000000 0.000000 1.000000
0.966157 -0.240391 -0.093556 0.032031 0.243018 0.969862 0.017613 104.396622 0.086503 -0.039753 0.995458 60.656410 0.000000 0.000000 0.000000 1.000000
0.971042 -0.226023 -0.077401 0.122919 0.227720 0.973630 0.013734 105.213715 0.072255 -0.030962 0.996905 63.740063 0.000000 0.000000 0.000000 1.000000
0.978858 -0.198425 -0.049647 0.213952 0.199169 0.979909 0.010468 105.858681 0.046572 -0.020135 0.998712 67.039902 0.000000 0.000000 0.000000 1.000000
0.984981 -0.172206 -0.012520 0.364504 0.172307 0.985014 0.007545 106.365875 0.011033 -0.009589 0.999893 70.030922 0.000000 0.000000 0.000000 1.000000
0.988703 -0.146506 0.031662 0.475358 0.146432 0.989210 0.004676 106.750656 -0.032005 0.000013 0.999488 72.906860 0.000000 0.000000 0.000000 1.000000
0.989083 -0.123939 0.079708 0.473945 0.124188 0.992257 0.001839 107.120979 -0.079319 0.008080 0.996817 75.867188 0.000000 0.000000 0.000000 1.000000
0.986082 -0.104571 0.129254 0.419538 0.105537 0.994415 -0.000629 107.185745 -0.128466 0.014262 0.991611 78.984695 0.000000 0.000000 0.000000 1.000000
0.979986 -0.089527 0.177798 0.275705 0.091437 0.995808 -0.002558 107.005608 -0.176823 0.018764 0.984064 82.250008 0.000000 0.000000 0.000000 1.000000
0.971681 -0.076015 0.223735 0.108294 0.078997 0.996865 -0.004395 106.714867 -0.222700 0.021945 0.974640 85.602776 0.000000 0.000000 0.000000 1.000000
0.962248 -0.063545 0.264653 -0.066195 0.067834 0.997671 -0.007089 106.120522 -0.263587 0.024774 0.964318 89.091812 0.000000 0.000000 0.000000 1.000000
0.953313 -0.052227 0.297432 -0.221766 0.058338 0.998228 -0.011703 105.362801 -0.296294 0.028508 0.954671 92.633980 0.000000 0.000000 0.000000 1.000000
0.947005 -0.040649 0.318636 -0.344319 0.049116 0.998620 -0.018580 104.543167 -0.317441 0.033246 0.947695 96.290337 0.000000 0.000000 0.000000 1.000000
0.945004 -0.027530 0.325898 -0.423277 0.038356 0.998904 -0.026840 103.982330 -0.324802 0.037864 0.945024 100.252396 0.000000 0.000000 0.000000 1.000000
0.947375 -0.012730 0.319874 -0.373791 0.025012 0.999098 -0.034315 103.479507 -0.319148 0.040510 0.946839 104.689468 0.000000 0.000000 0.000000 1.000000
0.952834 0.004689 0.303456 -0.274466 0.007293 0.999238 -0.038340 103.188622 -0.303404 0.038745 0.952074 109.149155 0.000000 0.000000 0.000000 1.000000
0.959238 0.024628 0.281526 -0.210956 -0.014761 0.999202 -0.037116 102.903755 -0.282215 0.031448 0.958836 113.609673 0.000000 0.000000 0.000000 1.000000
0.964315 0.047826 0.260403 -0.028303 -0.041183 0.998673 -0.030912 102.484581 -0.261536 0.019085 0.965005 117.735115 0.000000 0.000000 0.000000 1.000000
0.966830 0.074354 0.244359 0.184023 -0.071046 0.997223 -0.022337 102.203133 -0.245342 0.004235 0.969427 121.819199 0.000000 0.000000 0.000000 1.000000
0.967130 0.098607 0.234387 0.237590 -0.097795 0.995092 -0.015114 102.050507 -0.234727 -0.008304 0.972026 125.645988 0.000000 0.000000 0.000000 1.000000
0.966341 0.118429 0.228386 0.075393 -0.118806 0.992843 -0.012149 102.373863 -0.228190 -0.015393 0.973495 129.190903 0.000000 0.000000 0.000000 1.000000
0.965313 0.134347 0.223880 -0.024092 -0.134561 0.990801 -0.014372 102.952477 -0.223751 -0.016252 0.974511 132.544418 0.000000 0.000000 0.000000 1.000000
0.965065 0.145183 0.218109 -0.138906 -0.144147 0.989339 -0.020742 103.616417 -0.218795 -0.011422 0.975704 135.840958 0.000000 0.000000 0.000000 1.000000
0.966299 0.150162 0.209087 -0.254821 -0.147321 0.988658 -0.029184 104.328384 -0.211098 -0.002603 0.977462 139.231216 0.000000 0.000000 0.000000 1.000000
0.970870 0.142944 0.192300 -0.331990 -0.138840 0.989706 -0.034719 104.936226 -0.195283 0.007008 0.980722 142.451736 0.000000 0.000000 0.000000 1.000000
0.978643 0.120426 0.166597 -0.347861 -0.116301 0.992620 -0.034335 105.392792 -0.169503 0.014227 0.985427 145.749283 0.000000 0.000000 0.000000 1.000000</float_array>
        <technique_common>
          <accessor source="#mixamorig_Hips-Matrix-animation-output-transform-array" count="42" stride="16">
            <param type="float4x4"/>
          </accessor>
        </technique_common>
      </source>
      <source id="mixamorig_Hips-Interpolations">
        <Name_array id="mixamorig_Hips-Interpolations-array" count="42">
 LINEAR LINEAR LINEAR LINEAR LINEAR LINEAR LINEAR LINEAR LINEAR LINEAR LINEAR
LINEAR LINEAR LINEAR LINEAR LINEAR LINEAR LINEAR LINEAR LINEAR LINEAR LINEAR LINEAR
LINEAR LINEAR LINEAR LINEAR LINEAR LINEAR LINEAR LINEAR LINEAR LINEAR LINEAR LINEAR
LINEAR LINEAR LINEAR LINEAR LINEAR LINEAR LINEAR</Name_array>
        <technique_common>
          <accessor source="#mixamorig_Hips-Interpolations-array" count="42">
            <param type="name"/>
          </accessor>
        </technique_common>
      </source>
      <sampler id="mixamorig_Hips-Matrix-animation-transform">
        <input semantic="INPUT" source="#mixamorig_Hips-Matrix-animation-input"/>
        <input semantic="OUTPUT" source="#mixamorig_Hips-Matrix-animation-output-transform"/>
        <input semantic="INTERPOLATION" source="#mixamorig_Hips-Interpolations"/>
      </sampler>
      <channel source="#mixamorig_Hips-Matrix-animation-transform" target="mixamorig_Hips/matrix"/>
    </animation>
    <animation id="mixamorig_Spine-anim" name="mixamorig_Spine">
      <source id="mixamorig_Spine-Matrix-animation-input">
        <float_array id="mixamorig_Spine-Matrix-animation-input-array" count="42">

0.000000 0.033333 0.066667 0.100000 0.133333 0.166667 0.200000 0.233333 0.266667 0.300000 0.333333 0.366667 0.400000 0.433333 0.466667 0.500000
0.533333 0.566667 0.600000 0.633333 0.666667 0.700000 0.733333 0.766667 0.800000 0.833333 0.866667 0.900000 0.933333 0.966667 1.000000 1.033333
1.066667 1.100000 1.133333 1.166667 1.200000 1.233333 1.266667 1.300000 1.333333 1.366667</float_array>
        <technique_common>
          <accessor source="#mixamorig_Spine-Matrix-animation-input-array" count="42">
            <param name="TIME" type="float"/>
          </accessor>
        </technique_common>
      </source>
      <source id="mixamorig_Spine-Matrix-animation-output-transform">
        <float_array id="mixamorig_Spine-Matrix-animation-output-transform-array" count="672">

0.999805 -0.019658 -0.001646 0.000000 0.019667 0.986778 0.160879 10.182400 -0.001539 -0.160880 0.986973 0.000000 0.000000 0.000000 0.000000 1.000000
0.999942 -0.006005 0.008967 0.000000 0.004493 0.987099 0.160050 10.182400 -0.009813 -0.160000 0.987068 0.000000 0.000000 0.000000 0.000000 1.000000
0.999677 0.013544 0.021507 0.000000 -0.016779 0.987272 0.158154 10.182400 -0.019091 -0.158464 0.987180 0.000000 0.000000 0.000000 0.000000 1.000000
0.998857 0.033006 0.034576 0.000000 -0.038002 0.987092 0.155580 10.182400 -0.028995 -0.156716 0.987218 0.000000 0.000000 0.000000 0.000000 1.000000
0.998060 0.041861 0.046085 0.000000 -0.048462 0.987043 0.152963 10.182400 -0.039085 -0.154899 0.987157 -0.000000 0.000000 0.000000 0.000000 1.000000
0.997119 0.050731 0.056396 0.000000 -0.058714 0.986890 0.150333 10.182400 -0.048030 -0.153211 0.987026 -0.000000 0.000000 0.000000 0.000000 1.000000
0.996122 0.059298 0.064997 -0.000000 -0.068374 0.986663 0.147717 10.182400 -0.055371 -0.151588 0.986892 0.000000 0.000000 0.000000 0.000000 1.000000
0.995214 0.066505 0.071602 0.000000 -0.076378 0.986422 0.145387 10.182400 -0.060961 -0.150160 0.986781 0.000000 0.000000 0.000000 0.000000 1.000000
0.994496 0.072817 0.075340 0.000000 -0.083037 0.986251 0.142880 10.182400 -0.063900 -0.148350 0.986868 -0.000000 0.000000 0.000000 0.000000 1.000000
0.994033 0.077569 0.076696 0.000000 -0.087792 0.986189 0.140439 10.182400 -0.064743 -0.146334 0.987114 0.000000 0.000000 0.000000 0.000000 1.000000
0.993656 0.082019 0.076946 0.000000 -0.092102 0.986103 0.138265 10.182400 -0.064537 -0.144475 0.987402 0.000000 0.000000 0.000000 0.000000 1.000000
0.993257 0.087246 0.076349 0.000000 -0.097081 0.985890 0.136366 10.182400 -0.063374 -0.142858 0.987712 0.000000 0.000000 0.000000 0.000000 1.000000
0.992606 0.094974 0.075591 0.000000 -0.104564 0.985297 0.135112 10.182400 -0.061647 -0.142017 0.987943 -0.000000 0.000000 0.000000 0.000000 1.000000
0.991787 0.103338 0.075368 0.000000 -0.112786 0.984497 0.134328 10.182400 -0.060319 -0.141726 0.988067 0.000000 0.000000 0.000000 0.000000 1.000000
0.990969 0.111435 0.074581 0.000000 -0.120704 0.983573 0.134222 10.182400 -0.058399 -0.142012 0.988141 0.000000 0.000000 0.000000 0.000000 1.000000
0.990428 0.117803 0.071941 0.000000 -0.126688 0.982722 0.134939 10.182400 -0.054801 -0.142761 0.988239 0.000000 0.000000 0.000000 0.000000 1.000000
0.990365 0.121529 0.066399 0.000000 -0.129669 0.982115 0.136510 10.182400 -0.048622 -0.143805 0.988411 0.000000 0.000000 0.000000 0.000000 1.000000
0.990590 0.123691 0.058579 0.000000 -0.130782 0.981648 0.138789 10.182400 -0.040337 -0.145144 0.988588 0.000000 0.000000 0.000000 0.000000 1.000000
0.991201 0.123209 0.048385 -0.000000 -0.128908 0.981526 0.141385 10.182400 -0.030071 -0.146378 0.988772 0.000000 0.000000 0.000000 0.000000 1.000000
0.992956 0.113179 0.035067 0.000000 -0.117089 0.982616 0.144072 10.182400 -0.018151 -0.147163 0.988946 0.000000 0.000000 0.000000 0.000000 1.000000
0.994061 0.106554 0.022127 0.000000 -0.108649 0.983333 0.145782 10.182400 -0.006225 -0.147320 0.989069 -0.000000 0.000000 0.000000 0.000000 1.000000
0.995123 0.098235 0.008945 0.000000 -0.098483 0.984301 0.146467 10.182400 0.005584 -0.146634 0.989175 0.000000 0.000000 0.000000 0.000000 1.000000
0.996004 0.089222 -0.003988 0.000000 -0.087684 0.985365 0.146174 10.182400 0.016972 -0.145240 0.989251 0.000000 0.000000 0.000000 0.000000 1.000000
0.996700 0.079394 -0.016923 -0.000000 -0.076112 0.986460 0.145274 10.182400 0.028227 -0.143507 0.989247 -0.000000 0.000000 0.000000 0.000000 1.000000
0.997068 0.070886 -0.028833 0.000000 -0.066012 0.987300 0.144504 10.182400 0.038710 -0.142177 0.989084 -0.000000 0.000000 0.000000 0.000000 1.000000
0.997316 0.061367 -0.039939 0.000000 -0.055025 0.988033 0.144093 10.182400 0.048304 -0.141508 0.988758 0.000000 0.000000 0.000000 0.000000 1.000000
0.997446 0.051517 -0.049480 0.000000 -0.043904 0.988571 0.144225 10.182400 0.056344 -0.141684 0.988307 0.000000 0.000000 0.000000 0.000000 1.000000
0.997477 0.042616 -0.056780 0.000000 -0.034004 0.988872 0.144830 10.182400 0.062320 -0.142534 0.987826 0.000000 0.000000 0.000000 0.000000 1.000000
0.997514 0.034459 -0.061477 0.000000 -0.025184 0.989004 0.145726 10.182400 0.065822 -0.143816 0.987413 0.000000 0.000000 0.000000 0.000000 1.000000
0.997634 0.026624 -0.063387 0.000000 -0.017077 0.989040 0.146654 10.182400 0.066597 -0.145225 0.987155 0.000000 0.000000 0.000000 0.000000 1.000000
0.997816 0.019691 -0.063058 0.000000 -0.010187 0.988991 0.147627 10.182400 0.065271 -0.146662 0.987031 0.000000 0.000000 0.000000 0.000000 1.000000
0.998073 0.012768 -0.060723 0.000000 -0.003599 0.988865 0.148773 10.182400 0.061946 -0.148268 0.987005 0.000000 0.000000 0.000000 0.000000 1.000000
0.998386 0.005321 -0.056545 0.000000 0.003232 0.988666 0.150099 10.182400 0.056703 -0.150040 0.987053 0.000000 0.000000 0.000000 0.000000 1.000000
0.998643 -0.003848 -0.051935 0.000000 0.011692 0.988374 0.151589 10.182400 0.050748 -0.151991 0.987078 0.000000 0.000000 0.000000 0.000000 1.000000
0.998750 -0.015084 -0.047652 0.000000 0.022232 0.987941 0.153229 10.182400 0.044766 -0.154097 0.987041 0.000000 0.000000 0.000000 0.000000 1.000000
0.998804 -0.023290 -0.042985 0.000000 0.029698 0.987464 0.155023 10.182400 0.038836 -0.156114 0.986975 0.000000 0.000000 0.000000 0.000000 1.000000
0.998922 -0.027733 -0.037223 0.000000 0.033243 0.987087 0.156700 10.182400 0.032396 -0.157768 0.986945 -0.000000 0.000000 0.000000 0.000000 1.000000
0.999045 -0.030641 -0.031143 0.000000 0.035196 0.986783 0.158177 10.182400 0.025884 -0.159122 0.986920 0.000000 0.000000 0.000000 0.000000 1.000000
0.999159 -0.032517 -0.024981 0.000000 0.036094 0.986543 0.159469 10.182400 0.019459 -0.160236 0.986887 0.000000 0.000000 0.000000 0.000000 1.000000
0.999269 -0.033320 -0.018759 0.000000 0.035906 0.986361 0.160633 10.182400 0.013151 -0.161189 0.986836 0.000000 0.000000 0.000000 0.000000 1.000000
0.999489 -0.029899 -0.011288 0.000000 0.031329 0.986420 0.161228 10.182400 0.006314 -0.161499 0.986853 0.000000 0.000000 0.000000 0.000000 1.000000
0.999810 -0.019438 -0.001631 0.000000 0.019448 0.986782 0.160879 10.182400 -0.001518 -0.160880 0.986973 0.000000 0.000000 0.000000 0.000000 1.000000</float_array>
        <technique_common>
          <accessor source="#mixamorig_Spine-Matrix-animation-output-transform-array" count="42" stride="16">
            <param type="float4x4"/>
          </accessor>
        </technique_common>
      </source>
      <source id="mixamorig_Spine-Interpolations">
        <Name_array id="mixamorig_Spine-Interpolations-array" count="42">
 LINEAR LINEAR LINEAR LINEAR LINEAR LINEAR LINEAR LINEAR LINEAR LINEAR LINEAR
LINEAR LINEAR LINEAR LINEAR LINEAR LINEAR LINEAR LINEAR LINEAR LINEAR LINEAR LINEAR
LINEAR LINEAR LINEAR LINEAR LINEAR LINEAR LINEAR LINEAR LINEAR LINEAR LINEAR LINEAR
LINEAR LINEAR LINEAR LINEAR LINEAR LINEAR LINEAR</Name_array>
        <technique_common>
          <accessor source="#mixamorig_Spine-Interpolations-array" count="42">
            <param type="name"/>
          </accessor>
        </technique_common>
      </source>
      <sampler id="mixamorig_Spine-Matrix-animation-transform">
        <input semantic="INPUT" source="#mixamorig_Spine-Matrix-animation-input"/>
        <input semantic="OUTPUT" source="#mixamorig_Spine-Matrix-animation-output-transform"/>
        <input semantic="INTERPOLATION" source="#mixamorig_Spine-Interpolations"/>
      </sampler>
      <channel source="#mixamorig_Spine-Matrix-animation-transform" target="mixamorig_Spine/matrix"/>
    </animation>
    <animation id="mixamorig_Spine1-anim" name="mixamorig_Spine1">
      <source id="mixamorig_Spine1-Matrix-animation-input">
        <float_array id="mixamorig_Spine1-Matrix-animation-input-array" count="42">

0.000000 0.033333 0.066667 0.100000 0.133333 0.166667 0.200000 0.233333 0.266667 0.300000 0.333333 0.366667 0.400000 0.433333 0.466667 0.500000
0.533333 0.566667 0.600000 0.633333 0.666667 0.700000 0.733333 0.766667 0.800000 0.833333 0.866667 0.900000 0.933333 0.966667 1.000000 1.033333
1.066667 1.100000 1.133333 1.166667 1.200000 1.233333 1.266667 1.300000 1.333333 1.366667</float_array>
        <technique_common>
          <accessor source="#mixamorig_Spine1-Matrix-animation-input-array" count="42">
            <param name="TIME" type="float"/>
          </accessor>
        </technique_common>
      </source>
      <source id="mixamorig_Spine1-Matrix-animation-output-transform">
        <float_array id="mixamorig_Spine1-Matrix-animation-output-transform-array" count="672">

0.999781 -0.019906 -0.006493 0.000000 0.019788 0.999645 -0.017845 10.002700 0.006846 0.017713 0.999820 0.000000 0.000000 0.000000 0.000000 1.000000
0.999876 -0.009065 0.012915 0.000000 0.009306 0.999781 -0.018738 10.002700 -0.012742 0.018856 0.999741 0.000000 0.000000 0.000000 0.000000 1.000000
0.999421 -0.002957 0.033892 0.000000 0.003653 0.999783 -0.020516 10.002700 -0.033824 0.020628 0.999215 0.000000 0.000000 0.000000 0.000000 1.000000
0.998448 0.001818 0.055664 0.000000 -0.000551 0.999741 -0.022761 10.002700 -0.055691 0.022695 0.998190 -0.000000 0.000000 0.000000 0.000000 1.000000
0.996943 0.011157 0.077333 0.000000 -0.009250 0.999645 -0.024973 10.002700 -0.077584 0.024181 0.996693 -0.000000 0.000000 0.000000 0.000000 1.000000
0.995077 0.020888 0.096874 0.000000 -0.018340 0.999464 -0.027117 10.002700 -0.097388 0.025207 0.994927 -0.000000 0.000000 0.000000 0.000000 1.000000
0.993096 0.031289 0.113050 0.000000 -0.028152 0.999176 -0.029239 10.002700 -0.113872 0.025854 0.993159 0.000000 0.000000 0.000000 0.000000 1.000000
0.991263 0.042185 0.124974 0.000000 -0.038573 0.998769 -0.031187 10.002700 -0.126136 0.026094 0.991670 0.000000 0.000000 0.000000 0.000000 1.000000
0.989733 0.053861 0.132393 0.000000 -0.049848 0.998197 -0.033445 10.002700 -0.133955 0.026502 0.990633 -0.000000 0.000000 0.000000 0.000000 1.000000
0.988558 0.065903 0.135686 -0.000000 -0.061581 0.997459 -0.035816 10.002700 -0.137702 0.027051 0.990104 0.000000 0.000000 0.000000 0.000000 1.000000
0.987684 0.077891 0.135696 -0.000000 -0.073379 0.996582 -0.037954 10.002700 -0.138189 0.027530 0.990023 0.000000 0.000000 0.000000 0.000000 1.000000
0.986993 0.089668 0.133437 0.000000 -0.085079 0.995582 -0.039712 10.002700 -0.136408 0.027843 0.990261 0.000000 0.000000 0.000000 0.000000 1.000000
0.986403 0.100916 0.129710 0.000000 -0.096416 0.994516 -0.040531 10.002700 -0.133089 0.027473 0.990723 0.000000 0.000000 0.000000 0.000000 1.000000
0.985878 0.111660 0.124804 -0.000000 -0.107363 0.993388 -0.040662 10.002700 -0.128519 0.026689 0.991348 0.000000 0.000000 0.000000 0.000000 1.000000
0.985514 0.121297 0.118532 0.000000 -0.117336 0.992292 -0.039868 10.002700 -0.122454 0.025383 0.992150 0.000000 0.000000 0.000000 0.000000 1.000000
0.985498 0.128886 0.110374 0.000000 -0.125396 0.991378 -0.038023 10.002700 -0.114323 0.023631 0.993163 0.000000 0.000000 0.000000 0.000000 1.000000
0.986037 0.133327 0.099780 -0.000000 -0.130421 0.990836 -0.035128 10.002700 -0.103549 0.021624 0.994389 0.000000 0.000000 0.000000 0.000000 1.000000
0.987274 0.133544 0.086349 0.000000 -0.131290 0.990850 -0.031308 10.002700 -0.089740 0.019573 0.995773 0.000000 0.000000 0.000000 0.000000 1.000000
0.989146 0.129199 0.069978 0.000000 -0.127575 0.991455 -0.027221 10.002700 -0.072897 0.017998 0.997177 0.000000 0.000000 0.000000 0.000000 1.000000
0.991469 0.120042 0.050777 0.000000 -0.118976 0.992618 -0.023548 10.002700 -0.053229 0.017306 0.998432 0.000000 0.000000 0.000000 0.000000 1.000000
0.993653 0.108583 0.029395 -0.000000 -0.107986 0.993926 -0.021196 10.002700 -0.031518 0.017887 0.999343 0.000000 0.000000 0.000000 0.000000 1.000000
0.995405 0.095544 0.006365 0.000000 -0.095395 0.995226 -0.020637 10.002700 -0.008307 0.019935 0.999767 0.000000 0.000000 0.000000 0.000000 1.000000
0.996459 0.082218 -0.017588 0.000000 -0.082595 0.996343 -0.021895 10.002700 0.015723 0.023270 0.999606 0.000000 0.000000 0.000000 0.000000 1.000000
0.996724 0.069363 -0.041593 0.000000 -0.070418 0.997218 -0.024462 10.002700 0.039780 0.027311 0.998835 0.000000 0.000000 0.000000 0.000000 1.000000
0.996263 0.057316 -0.064614 0.000000 -0.059178 0.997875 -0.027270 10.002700 0.062914 0.030992 0.997538 0.000000 0.000000 0.000000 0.000000 1.000000
0.995290 0.045305 -0.085708 -0.000000 -0.048000 0.998407 -0.029647 10.002700 0.084228 0.033621 0.995879 0.000000 0.000000 0.000000 0.000000 1.000000
0.994057 0.032871 -0.103783 0.000000 -0.036270 0.998860 -0.031031 10.002700 0.102645 0.034611 0.994116 0.000000 0.000000 0.000000 0.000000 1.000000
0.992827 0.019722 -0.117924 0.000000 -0.023584 0.999227 -0.031442 10.002700 0.117212 0.033998 0.992525 0.000000 0.000000 0.000000 0.000000 1.000000
0.991816 0.005983 -0.127537 0.000000 -0.010037 0.999464 -0.031173 10.002700 0.127282 0.032198 0.991344 -0.000000 0.000000 0.000000 0.000000 1.000000
0.991159 -0.007998 -0.132438 0.000000 0.003966 0.999521 -0.030679 10.002700 0.132620 0.029883 0.990716 0.000000 0.000000 0.000000 0.000000 1.000000
0.990895 -0.021640 -0.132887 -0.000000 0.017785 0.999388 -0.030132 10.002700 0.133458 0.027494 0.990673 0.000000 0.000000 0.000000 0.000000 1.000000
0.990985 -0.034394 -0.129482 0.000000 0.030836 0.999092 -0.029384 10.002700 0.130375 0.025126 0.991146 -0.000000 0.000000 0.000000 0.000000 1.000000
0.991328 -0.046021 -0.123089 0.000000 0.042839 0.998679 -0.028374 10.002700 0.124232 0.022855 0.991990 0.000000 0.000000 0.000000 0.000000 1.000000
0.991820 -0.056276 -0.114567 -0.000000 0.053518 0.998201 -0.027015 10.002700 0.115882 0.020662 0.993048 0.000000 0.000000 0.000000 0.000000 1.000000
0.992407 -0.064701 -0.104604 0.000000 0.062381 0.997732 -0.025304 10.002700 0.106004 0.018587 0.994192 0.000000 0.000000 0.000000 0.000000 1.000000
0.993105 -0.070486 -0.093667 0.000000 0.068574 0.997370 -0.023483 10.002700 0.095076 0.016898 0.995327 0.000000 0.000000 0.000000 0.000000 1.000000
0.993994 -0.072551 -0.081933 0.000000 0.070988 0.997238 -0.021830 10.002700 0.083291 0.015882 0.996399 0.000000 0.000000 0.000000 0.000000 1.000000
0.995151 -0.069726 -0.069370 -0.000000 0.068470 0.997446 -0.020336 10.002700 0.070610 0.015488 0.997384 0.000000 0.000000 0.000000 0.000000 1.000000
0.996548 -0.061410 -0.055865 0.000000 0.060433 0.997991 -0.019011 10.002700 0.056920 0.015569 0.998257 0.000000 0.000000 0.000000 0.000000 1.000000
0.997994 -0.047925 -0.041365 0.000000 0.047220 0.998725 -0.017846 10.002700 0.042167 0.015857 0.998985 0.000000 0.000000 0.000000 0.000000 1.000000
0.999158 -0.032532 -0.025014 0.000000 0.032104 0.999334 -0.017351 10.002700 0.025562 0.016533 0.999537 0.000000 0.000000 0.000000 0.000000 1.000000
0.999781 -0.019906 -0.006494 0.000000 0.019788 0.999645 -0.017845 10.002700 0.006846 0.017713 0.999820 0.000000 0.000000 0.000000 0.000000 1.000000</float_array>
        <technique_common>
          <accessor source="#mixamorig_Spine1-Matrix-animation-output-transform-array" count="42" stride="16">
            <param type="float4x4"/>
          </accessor>
        </technique_common>
      </source>
      <source id="mixamorig_Spine1-Interpolations">
        <Name_array id="mixamorig_Spine1-Interpolations-array" count="42">
 LINEAR LINEAR LINEAR LINEAR LINEAR LINEAR LINEAR LINEAR LINEAR LINEAR LINEAR
LINEAR LINEAR LINEAR LINEAR LINEAR LINEAR LINEAR LINEAR LINEAR LINEAR LINEAR LINEAR
LINEAR LINEAR LINEAR LINEAR LINEAR LINEAR LINEAR LINEAR LINEAR LINEAR LINEAR LINEAR
LINEAR LINEAR LINEAR LINEAR LINEAR LINEAR LINEAR</Name_array>
        <technique_common>
          <accessor source="#mixamorig_Spine1-Interpolations-array" count="42">
            <param type="name"/>
          </accessor>
        </technique_common>
      </source>
      <sampler id="mixamorig_Spine1-Matrix-animation-transform">
        <input semantic="INPUT" source="#mixamorig_Spine1-Matrix-animation-input"/>
        <input semantic="OUTPUT" source="#mixamorig_Spine1-Matrix-animation-output-transform"/>
        <input semantic="INTERPOLATION" source="#mixamorig_Spine1-Interpolations"/>
      </sampler>
      <channel source="#mixamorig_Spine1-Matrix-animation-transform" target="mixamorig_Spine1/matrix"/>
    </animation>
    <animation id="mixamorig_Spine2-anim" name="mixamorig_Spine2">
      <source id="mixamorig_Spine2-Matrix-animation-input">
        <float_array id="mixamorig_Spine2-Matrix-animation-input-array" count="42">

0.000000 0.033333 0.066667 0.100000 0.133333 0.166667 0.200000 0.233333 0.266667 0.300000 0.333333 0.366667 0.400000 0.433333 0.466667 0.500000
0.533333 0.566667 0.600000 0.633333 0.666667 0.700000 0.733333 0.766667 0.800000 0.833333 0.866667 0.900000 0.933333 0.966667 1.000000 1.033333
1.066667 1.100000 1.133333 1.166667 1.200000 1.233333 1.266667 1.300000 1.333333 1.366667</float_array>
        <technique_common>
          <accessor source="#mixamorig_Spine2-Matrix-animation-input-array" count="42">
            <param name="TIME" type="float"/>
          </accessor>
        </technique_common>
      </source>
      <source id="mixamorig_Spine2-Matrix-animation-output-transform">
        <float_array id="mixamorig_Spine2-Matrix-animation-output-transform-array" count="672">

0.999780 -0.020018 -0.006253 0.000000 0.019728 0.998862 -0.043415 9.322100 0.007115 0.043282 0.999038 -0.000000 0.000000 0.000000 0.000000 1.000000
0.999879 -0.008691 0.012907 0.000000 0.009256 0.998972 -0.044370 9.322100 -0.012508 0.044484 0.998932 0.000000 0.000000 0.000000 0.000000 1.000000
0.999426 -0.002071 0.033816 0.000000 0.003633 0.998925 -0.046210 9.322100 -0.033684 0.046306 0.998359 -0.000000 0.000000 0.000000 0.000000 1.000000
0.998450 0.003235 0.055557 0.000000 -0.000537 0.998823 -0.048510 9.322100 -0.055649 0.048405 0.997276 0.000000 0.000000 0.000000 0.000000 1.000000
0.996947 0.013128 0.076973 0.000000 -0.009231 0.998668 -0.050764 9.322100 -0.077537 0.049899 0.995740 0.000000 0.000000 0.000000 0.000000 1.000000
0.995084 0.023373 0.096234 0.000000 -0.018331 0.998429 -0.052942 9.322100 -0.097320 0.050917 0.993950 0.000000 0.000000 0.000000 0.000000 1.000000
0.993107 0.034211 0.112109 -0.000000 -0.028163 0.998084 -0.055094 9.322100 -0.113779 0.051557 0.992167 0.000000 0.000000 0.000000 0.000000 1.000000
0.991274 0.045452 0.123737 0.000000 -0.038621 0.997624 -0.057058 9.322100 -0.126036 0.051782 0.990673 0.000000 0.000000 0.000000 0.000000 1.000000
0.989739 0.057305 0.130895 -0.000000 -0.049875 0.996990 -0.059360 9.322100 -0.133902 0.052222 0.989618 0.000000 0.000000 0.000000 0.000000 1.000000
0.988551 0.069375 0.133993 -0.000000 -0.061536 0.996191 -0.061784 9.322100 -0.137769 0.052831 0.989054 0.000000 0.000000 0.000000 0.000000 1.000000
0.987658 0.081302 0.133868 -0.000000 -0.073258 0.995260 -0.063963 9.322100 -0.138434 0.053366 0.988933 0.000000 0.000000 0.000000 0.000000 1.000000
0.986947 0.092975 0.131493 0.000000 -0.084901 0.994218 -0.065740 9.322100 -0.136845 0.053718 0.989135 0.000000 0.000000 0.000000 0.000000 1.000000
0.986343 0.104159 0.127587 -0.000000 -0.096269 0.993129 -0.066539 9.322100 -0.133641 0.053348 0.989593 0.000000 0.000000 0.000000 0.000000 1.000000
0.985813 0.114833 0.122418 0.000000 -0.107278 0.991994 -0.066632 9.322100 -0.129089 0.052554 0.990239 -0.000000 0.000000 0.000000 0.000000 1.000000
0.985454 0.124377 0.115801 -0.000000 -0.117336 0.990911 -0.065781 9.322100 -0.122931 0.051236 0.991092 0.000000 0.000000 0.000000 0.000000 1.000000
0.985453 0.131807 0.107283 0.000000 -0.125468 0.990040 -0.063866 9.322100 -0.114632 0.049476 0.992175 0.000000 0.000000 0.000000 0.000000 1.000000
0.986008 0.135992 0.096404 0.000000 -0.130529 0.989572 -0.060899 9.322100 -0.103681 0.047463 0.993477 0.000000 0.000000 0.000000 0.000000 1.000000
0.987259 0.135850 0.082847 0.000000 -0.131400 0.989689 -0.057014 9.322100 -0.089738 0.045402 0.994930 0.000000 0.000000 0.000000 0.000000 1.000000
0.989140 0.131042 0.066559 0.000000 -0.127651 0.990408 -0.052888 9.322100 -0.072851 0.043817 0.996380 0.000000 0.000000 0.000000 0.000000 1.000000
0.991466 0.121341 0.047662 0.000000 -0.119002 0.991675 -0.049186 9.322100 -0.053233 0.043094 0.997652 0.000000 0.000000 0.000000 0.000000 1.000000
0.993651 0.109294 0.026676 0.000000 -0.107970 0.993049 -0.046862 9.322100 -0.031612 0.043685 0.998545 -0.000000 0.000000 0.000000 0.000000 1.000000
0.995406 0.095653 0.004077 0.000000 -0.095363 0.994364 -0.046336 9.322100 -0.008486 0.045735 0.998918 0.000000 0.000000 0.000000 0.000000 1.000000
0.996464 0.081726 -0.019484 0.000000 -0.082574 0.995447 -0.047615 9.322100 0.015504 0.049056 0.998676 0.000000 0.000000 0.000000 0.000000 1.000000
0.996731 0.068284 -0.043171 0.000000 -0.070425 0.996254 -0.050180 9.322100 0.039583 0.053056 0.997807 -0.000000 0.000000 0.000000 0.000000 1.000000
0.996268 0.055669 -0.065961 0.000000 -0.059206 0.996841 -0.052944 9.322100 0.062805 0.056651 0.996417 0.000000 0.000000 0.000000 0.000000 1.000000
0.995289 0.043126 -0.086836 0.000000 -0.048036 0.997315 -0.055267 9.322100 0.084219 0.059177 0.994688 0.000000 0.000000 0.000000 0.000000 1.000000
0.994049 0.030222 -0.104662 0.000000 -0.036294 0.997737 -0.056602 9.322100 0.102715 0.060064 0.992896 -0.000000 0.000000 0.000000 0.000000 1.000000
0.992814 0.016701 -0.118494 0.000000 -0.023590 0.998097 -0.056980 9.322100 0.117317 0.059366 0.991318 0.000000 0.000000 0.000000 0.000000 1.000000
0.991803 0.002708 -0.127747 0.000000 -0.010028 0.998341 -0.056695 9.322100 0.127382 0.057511 0.990185 -0.000000 0.000000 0.000000 0.000000 1.000000
0.991150 -0.011389 -0.132258 0.000000 0.003973 0.998412 -0.056202 9.322100 0.132688 0.055179 0.989621 0.000000 0.000000 0.000000 0.000000 1.000000
0.990891 -0.025023 -0.132325 0.000000 0.017776 0.998291 -0.055663 9.322100 0.133491 0.052804 0.989642 0.000000 0.000000 0.000000 0.000000 1.000000
0.990984 -0.037687 -0.128570 0.000000 0.030830 0.998015 -0.054911 9.322100 0.130384 0.050452 0.990179 0.000000 0.000000 0.000000 0.000000 1.000000
0.991328 -0.049164 -0.121864 0.000000 0.042852 0.997627 -0.053886 9.322100 0.124224 0.048197 0.991083 0.000000 0.000000 0.000000 0.000000 1.000000
0.991820 -0.059233 -0.113067 0.000000 0.053568 0.997183 -0.052501 9.322100 0.115858 0.046015 0.992199 0.000000 0.000000 0.000000 0.000000 1.000000
0.992406 -0.067444 -0.102869 0.000000 0.062479 0.996755 -0.050756 9.322100 0.105958 0.043943 0.993399 0.000000 0.000000 0.000000 0.000000 1.000000
0.993102 -0.072974 -0.091773 0.000000 0.068700 0.996438 -0.048902 9.322100 0.095015 0.042260 0.994578 0.000000 0.000000 0.000000 0.000000 1.000000
0.993989 -0.074730 -0.080007 -0.000000 0.071105 0.996350 -0.047232 9.322100 0.083244 0.041259 0.995675 0.000000 0.000000 0.000000 0.000000 1.000000
0.995145 -0.071554 -0.067573 0.000000 0.068553 0.996599 -0.045738 9.322100 0.070616 0.040883 0.996665 0.000000 0.000000 0.000000 0.000000 1.000000
0.996541 -0.062853 -0.054371 0.000000 0.060469 0.997181 -0.044430 9.322100 0.057010 0.040989 0.997532 0.000000 0.000000 0.000000 0.000000 1.000000
0.997987 -0.048959 -0.040322 -0.000000 0.047208 0.997946 -0.043299 9.322100 0.042359 0.041309 0.998248 0.000000 0.000000 0.000000 0.000000 1.000000
0.999152 -0.033123 -0.024443 0.000000 0.032055 0.998567 -0.042856 9.322100 0.025827 0.042036 0.998782 -0.000000 0.000000 0.000000 0.000000 1.000000
0.999780 -0.020018 -0.006253 0.000000 0.019728 0.998862 -0.043415 9.322100 0.007115 0.043282 0.999038 0.000000 0.000000 0.000000 0.000000 1.000000</float_array>
        <technique_common>
          <accessor source="#mixamorig_Spine2-Matrix-animation-output-transform-array" count="42" stride="16">
            <param type="float4x4"/>
          </accessor>
        </technique_common>
      </source>
      <source id="mixamorig_Spine2-Interpolations">
        <Name_array id="mixamorig_Spine2-Interpolations-array" count="42">
 LINEAR LINEAR LINEAR LINEAR LINEAR LINEAR LINEAR LINEAR LINEAR LINEAR LINEAR
LINEAR LINEAR LINEAR LINEAR LINEAR LINEAR LINEAR LINEAR LINEAR LINEAR LINEAR LINEAR
LINEAR LINEAR LINEAR LINEAR LINEAR LINEAR LINEAR LINEAR LINEAR LINEAR LINEAR LINEAR
LINEAR LINEAR LINEAR LINEAR LINEAR LINEAR LINEAR</Name_array>
        <technique_common>
          <accessor source="#mixamorig_Spine2-Interpolations-array" count="42">
            <param type="name"/>
          </accessor>
        </technique_common>
      </source>
      <sampler id="mixamorig_Spine2-Matrix-animation-transform">
        <input semantic="INPUT" source="#mixamorig_Spine2-Matrix-animation-input"/>
        <input semantic="OUTPUT" source="#mixamorig_Spine2-Matrix-animation-output-transform"/>
        <input semantic="INTERPOLATION" source="#mixamorig_Spine2-Interpolations"/>
      </sampler>
      <channel source="#mixamorig_Spine2-Matrix-animation-transform" target="mixamorig_Spine2/matrix"/>
    </animation>
    <animation id="mixamorig_Neck-anim" name="mixamorig_Neck">
      <source id="mixamorig_Neck-Matrix-animation-input">
        <float_array id="mixamorig_Neck-Matrix-animation-input-array" count="42">

0.000000 0.033333 0.066667 0.100000 0.133333 0.166667 0.200000 0.233333 0.266667 0.300000 0.333333 0.366667 0.400000 0.433333 0.466667 0.500000
0.533333 0.566667 0.600000 0.633333 0.666667 0.700000 0.733333 0.766667 0.800000 0.833333 0.866667 0.900000 0.933333 0.966667 1.000000 1.033333
1.066667 1.100000 1.133333 1.166667 1.200000 1.233333 1.266667 1.300000 1.333333 1.366667</float_array>
        <technique_common>
          <accessor source="#mixamorig_Neck-Matrix-animation-input-array" count="42">
            <param name="TIME" type="float"/>
          </accessor>
        </technique_common>
      </source>
      <source id="mixamorig_Neck-Matrix-animation-output-transform">
        <float_array id="mixamorig_Neck-Matrix-animation-output-transform-array" count="672">

0.999727 -0.013078 -0.019382 -0.000000 0.013369 0.999799 0.014957 16.865299 0.019183 -0.015212 0.999700 -0.000000 0.000000 0.000000 0.000000 1.000000
0.999774 -0.007566 -0.019848 -0.000000 0.007825 0.999885 0.012972 16.865299 0.019748 -0.013125 0.999719 0.000000 0.000000 0.000000 0.000000 1.000000
0.999813 0.000417 -0.019319 -0.000000 -0.000190 0.999931 0.011740 16.865299 0.019323 -0.011734 0.999744 0.000000 0.000000 0.000000 0.000000 1.000000
0.999789 0.009370 -0.018259 0.000000 -0.009172 0.999899 0.010895 16.865299 0.018359 -0.010725 0.999774 -0.000000 0.000000 0.000000 0.000000 1.000000
0.999708 0.017279 -0.016921 0.000000 -0.017109 0.999802 0.010121 16.865299 0.017093 -0.009828 0.999806 0.000000 0.000000 0.000000 0.000000 1.000000
0.999607 0.023236 -0.015681 -0.000000 -0.023088 0.999688 0.009531 16.865299 0.015897 -0.009165 0.999832 0.000000 0.000000 0.000000 0.000000 1.000000
0.999536 0.026608 -0.014842 0.000000 -0.026475 0.999608 0.009068 16.865299 0.015078 -0.008671 0.999849 0.000000 0.000000 0.000000 0.000000 1.000000
0.999520 0.027296 -0.014677 0.000000 -0.027173 0.999594 0.008549 16.865299 0.014904 -0.008146 0.999856 0.000000 0.000000 0.000000 0.000000 1.000000
0.999551 0.025774 -0.015310 0.000000 -0.025658 0.999641 0.007758 16.865299 0.015504 -0.007362 0.999853 -0.000000 0.000000 0.000000 0.000000 1.000000
0.999599 0.022925 -0.016610 0.000000 -0.022818 0.999718 0.006613 16.865299 0.016756 -0.006231 0.999840 -0.000000 0.000000 0.000000 0.000000 1.000000
0.999642 0.019611 -0.018204 0.000000 -0.019518 0.999796 0.005276 16.865299 0.018304 -0.004918 0.999820 0.000000 0.000000 0.000000 0.000000 1.000000
0.999674 0.016411 -0.019544 -0.000000 -0.016333 0.999858 0.004141 16.865299 0.019609 -0.003821 0.999800 0.000000 0.000000 0.000000 0.000000 1.000000
0.999708 0.013433 -0.020068 0.000000 -0.013362 0.999904 0.003645 16.865299 0.020115 -0.003376 0.999792 0.000000 0.000000 0.000000 0.000000 1.000000
0.999757 0.010412 -0.019414 -0.000000 -0.010336 0.999939 0.003972 16.865299 0.019454 -0.003771 0.999804 0.000000 0.000000 0.000000 0.000000 1.000000
0.999823 0.006959 -0.017491 0.000000 -0.006874 0.999964 0.004886 16.865299 0.017524 -0.004765 0.999835 0.000000 0.000000 0.000000 0.000000 1.000000
0.999891 0.002856 -0.014516 -0.000000 -0.002773 0.999980 0.005736 16.865299 0.014532 -0.005696 0.999878 0.000000 0.000000 0.000000 0.000000 1.000000
0.999939 -0.001778 -0.010893 0.000000 0.001841 0.999982 0.005790 16.865299 0.010882 -0.005810 0.999924 -0.000000 0.000000 0.000000 0.000000 1.000000
0.999954 -0.006501 -0.007104 -0.000000 0.006534 0.999968 0.004562 16.865299 0.007074 -0.004608 0.999964 0.000000 0.000000 0.000000 0.000000 1.000000
0.999936 -0.010720 -0.003558 0.000000 0.010728 0.999940 0.002175 16.865299 0.003534 -0.002213 0.999991 -0.000000 0.000000 0.000000 0.000000 1.000000
0.999902 -0.013974 -0.000498 0.000000 0.013974 0.999902 -0.000645 16.865299 0.000507 0.000638 1.000000 0.000000 0.000000 0.000000 0.000000 1.000000
0.999868 -0.016108 0.001949 0.000000 0.016113 0.999866 -0.002766 16.865299 -0.001905 0.002797 0.999994 0.000000 0.000000 0.000000 0.000000 1.000000
0.999842 -0.017407 0.003714 0.000000 0.017418 0.999843 -0.003161 16.865299 -0.003658 0.003225 0.999988 -0.000000 0.000000 0.000000 0.000000 1.000000
0.999818 -0.018487 0.004707 0.000000 0.018493 0.999828 -0.001378 16.865299 -0.004681 0.001465 0.999988 0.000000 0.000000 0.000000 0.000000 1.000000
0.999786 -0.020140 0.004796 0.000000 0.020130 0.999795 0.002284 16.865299 -0.004841 -0.002187 0.999986 -0.000000 0.000000 0.000000 0.000000 1.000000
0.999729 -0.022963 0.003887 0.000000 0.022936 0.999713 0.006851 16.865299 -0.004044 -0.006760 0.999969 -0.000000 0.000000 0.000000 0.000000 1.000000
0.999632 -0.027037 0.002051 0.000000 0.027012 0.999573 0.011143 16.865299 -0.002352 -0.011083 0.999936 0.000000 0.000000 0.000000 0.000000 1.000000
0.999496 -0.031752 -0.000348 0.000000 0.031754 0.999396 0.014131 16.865299 -0.000101 -0.014135 0.999900 -0.000000 0.000000 0.000000 0.000000 1.000000
